83236
232894
15563
10881
176723
237564
178469
52375
265848
143278
143491
243453
92766
187710
101297
123724
63222
272901
122269
166794
200107
275653
167223
265848
267576
17679
155451
236648
50163
102183
199870
219256
101465
217028
91352
222131
42788
30329
68163
236648
55859
265848
38731
83158
218288
193089
265848
243957
122269
29759
143370
143278
112386
128583
87944
34312
2311
277216
234709
162083
83158
135735
25024
219256
122269
260064
116935
167926
193089
216937
4963
145814
106382
235144
31110
200246
184427
243453
122269
26928
192831
143491
16777
5641
255511
140181
135128
265848
161388
143491
114376
256728
236648
236648
95175
95175
277216
265848
143491
171307
265848
106382
265848
30885
213325
265848
1989
164288
94208
265848
269211
91352
234985
83592
54783
265848
106382
159167
218337
25024
223901
122269
230582
114749
245005
259747
218337
95175
180459
11992
174598
100755
92535
31729
106382
178469
265848
14108
265848
268553
235029
135128
223276
193089
11834
268244
122269
253284
83158
217891
107789
265848
193089
265848
83158
122269
236648
265848
80348
265848
20848
266946
122269
122269
178469
241619
179954
184129
2311
277216
122269
236648
201560
159284
255985
104808
70829
124605
2983
200229
276499
140025
234147
234985
123724
122018
236648
236648
106382
104103
68641
9146
68208
49186
4944
137017
126141
260064
167926
256728
95175
74324
7296
122269
122269
172648
152119
140181
85122
268244
128769
143278
28794
78455
243453
10364
92981
78145
79324
106382
109363
168895
143278
265848
265848
106382
19522
219256
251806
104103
143491
262307
68893
140025
265848
80348
252837
235487
264285
143491
122269
87842
38776
262307
240689
265848
265848
257554
215031
14562
106382
134662
146028
204032
265848
127304
191266
127244
20848
236648
170296
135569
6730
174988
219256
52375
265848
122269
219256
143278
22756
0
226729
80548
272071
106382
153627
128102
20848
129084
52375
94005
259035
118859
256728
131713
227146
251567
203071
9168
2311
107460
143278
275068
122269
18569
192540
135128
143278
122269
160412
113380
158373
236118
268805
273178
6343
82406
104732
184700
26548
265848
70535
83158
146666
262307
255160
34312
143491
68893
95175
91352
124576
95175
243453
174179
250257
59909
260886
252003
60167
178469
80665
216095
240029
223430
115990
265848
243453
107789
121859
236648
272901
98842
249311
274369
100261
142934
252685
121859
13578
209769
122269
28794
20848
243167
265848
35980
34312
16574
143491
147465
167643
49873
143278
236648
276603
61904
265848
8887
43239
195171
144466
97829
265848
216530
249242
265848
250849
208385
117054
24848
245714
37328
106382
140181
141264
137726
265848
107789
122269
277216
176
94141
175152
25866
265848
107153
10364
108596
182185
268561
265848
10364
119702
123724
31110
234985
153622
73757
124282
258755
183627
36194
219889
200462
25859
218337
177516
142601
143278
183785
259747
232060
197230
75497
208154
194590
58976
226521
199519
35866
9031
229984
43082
259747
163073
143278
74732
71884
257256
108596
171709
245116
70426
91260
92981
176931
6392
168903
265848
143278
10364
140899
49118
12568
178063
223116
33086
249311
58874
30913
183627
14108
59909
161388
72947
52375
68641
10364
265848
234709
267576
265848
173121
265848
133898
195171
99198
100120
91352
111786
2311
236648
67725
135816
232215
212194
270754
243453
124432
57091
265848
122149
122269
14634
120040
91266
262307
265848
45991
68218
21309
90331
104103
54783
178469
212465
214031
251609
177413
117551
61123
241155
122269
34312
42533
139378
0
60033
219386
260977
187710
131002
148823
80348
168903
249609
234147
157135
99217
140025
10364
271104
67029
60652
216530
272444
210944
181857
14108
180650
167926
107950
20848
177118
83290
118189
124605
245116
185749
212186
219256
260064
237564
214031
56028
265848
88179
43435
275328
113488
18125
191922
148297
265848
80348
177516
224461
172739
10364
106382
241847
241155
73533
49694
34312
265848
30885
230296
265848
192313
236118
191266
80348
122269
276143
212409
229226
153484
83158
38817
92938
126141
258755
265848
241760
143491
69234
222506
103865
170181
29759
143278
248035
50475
68939
219256
233354
249339
180790
61913
162083
122825
6343
87106
26548
262307
60167
136626
277216
18531
91352
38249
95175
148480
262307
201413
165710
252685
59385
265848
140025
136626
20848
236648
2311
81842
257690
229768
111786
68756
196596
78071
262307
25024
143278
129084
111786
19189
245762
118189
8602
243805
12145
59909
258755
109136
62769
255419
7785
255315
255815
14108
236648
217411
46413
143278
265848
237143
27803
20848
92228
83158
114027
10364
223430
143491
135544
65499
264306
83526
245116
106382
122269
143491
99217
97684
127395
84040
177413
24807
22891
208807
143491
265848
80665
16894
68208
223856
20848
56451
262307
103022
181647
159167
60167
62541
78071
80348
245778
159167
88526
237902
199870
10364
137024
164147
261560
46832
265848
80348
184573
201988
277216
81633
140025
115956
255315
123724
123916
277216
139330
272444
265671
272444
218810
265848
265848
266139
112131
265848
265827
112789
265848
103358
224941
183627
154799
265848
65425
245685
236648
265848
201830
83158
265848
25024
33086
242430
272679
239425
122269
111786
68208
265848
178469
277216
179604
68208
219256
535
236648
254780
58874
112364
275476
164147
183627
60167
122269
2318
276499
107789
46869
143491
220453
14114
116788
88179
253369
219256
143491
218337
265848
213739
219256
28457
178
249311
14108
106382
143278
261081
130555
106382
168903
262307
116788
167926
241760
243453
265848
99812
251044
30885
68641
265848
46970
255409
6949
260977
106382
147080
122269
216530
174179
161392
123734
61913
95872
236648
143639
95175
83158
48016
83158
224060
241760
22891
184938
177516
213186
170070
143278
265848
80348
106612
14264
129700
184938
83158
79452
132918
192917
69234
156565
216530
135274
143278
143278
107789
265848
186315
140025
159167
265848
127299
185555
217839
211057
64378
248035
122269
216558
260064
20848
20848
260064
123734
213747
265848
122269
83158
177637
129511
122269
265848
26847
245116
33219
275328
95175
106459
266852
122269
78071
2311
122269
20848
105626
154168
8821
236648
1705
80348
174659
261336
72634
83158
14264
166165
143709
30329
219358
72225
261636
240461
106612
211323
265848
118189
258755
265848
102361
177413
49029
114551
146580
272444
258755
86421
232840
8821
234985
167223
20848
252685
17399
95175
265848
107709
143491
106382
152837
8821
15972
52375
117555
228904
219256
20848
168567
119148
243453
262307
10364
216530
2311
22891
12848
202147
63906
206822
263096
119882
262307
162606
236648
122269
170659
261636
163472
253369
30885
18531
80348
10364
129084
46869
106382
159284
251376
192313
76706
159167
235961
222879
265848
265848
124034
143491
45991
30885
140025
272071
167926
70270
143278
122269
177516
159284
34312
232869
143278
253334
236648
212222
265848
111786
265848
128769
209754
265848
104103
142098
230313
116783
242156
264925
234270
143491
272795
200638
109869
162083
277216
122269
158133
122269
50632
20848
256551
107789
30885
63315
272444
260457
80348
143370
177637
145581
23462
131436
106382
20848
265848
129084
112836
265848
220453
265848
110938
211595
32632
272444
255265
265848
143278
157998
148480
106382
265848
268007
265848
186099
175030
89322
68981
122269
124034
106382
127395
218337
166794
234985
265848
175030
219256
241497
37052
51013
234985
205765
138206
114758
72634
159167
256728
247100
59568
213814
123724
265848
30885
67078
49186
209754
8602
243453
122269
259747
106382
121261
242430
53680
135274
2039
213013
181647
140025
26248
127518
143278
2311
18531
17679
274652
107950
124296
178469
161806
163818
63873
107950
236648
196306
152837
92981
272444
122269
248310
272444
83158
243453
259747
22891
34173
143278
128769
138624
34312
34047
33086
8602
122269
202340
168761
265848
265144
12848
64819
129084
236648
137872
177413
77538
243453
265848
94674
31642
239447
60086
27125
90965
107789
33390
129084
103022
122269
254454
166794
128868
28007
265848
177516
129084
251937
78071
215595
68208
30885
10364
73531
89197
183114
275653
200107
235487
265848
29845
262307
243453
231182
255711
219256
173093
192092
177516
168471
129084
12145
265848
110769
193521
143491
230938
16795
265848
196874
112446
132985
220947
117551
265848
236321
123724
80348
236648
91368
74466
105084
113393
273313
181647
74018
95175
177516
248007
159167
263722
143278
236648
91352
88117
216530
236118
57687
129084
28794
107950
64066
129199
68641
122269
241217
162411
40388
266644
172739
146580
251044
207244
143370
203307
129084
216530
241430
14108
211057
210386
49179
17096
95175
237624
199870
275653
265848
216530
258755
117459
41089
33963
1259
191266
185749
122269
220453
226575
236648
68208
249311
4880
52375
124605
54783
37054
220453
101465
265848
39926
116341
83158
12568
141308
143491
62659
236648
196306
265848
220815
243453
249446
265848
235487
272444
168903
14114
73757
58977
10364
180346
276952
83158
236648
216095
14108
204260
200402
256728
1174
14108
22891
195171
83158
197897
159167
223834
178469
139960
184497
235144
249311
122269
187967
218337
242156
140025
131959
241847
83158
220453
107789
68208
73531
163720
28850
20848
236648
53671
167926
92981
119148
143278
122269
11482
104103
163694
170181
141815
147080
60167
216095
131164
260064
264827
243453
265848
179238
144882
65299
19522
101687
91352
164195
133898
249311
6291
12568
10007
143491
184312
276709
122269
254689
185749
140181
122269
236648
216530
277216
160782
204032
234985
12145
271040
143278
184573
101837
106382
20044
240029
196657
19992
140181
52375
252685
20848
18035
265848
128020
13007
52375
207665
117091
131006
122269
127395
74961
259747
131557
20848
141930
265848
83158
241984
166483
26046
83158
2846
261488
14108
60167
222879
255265
128769
123617
75349
50521
153553
143491
108459
265848
124605
25008
265848
217891
61293
113380
191266
178469
265848
143491
83158
235999
236648
29759
262067
30885
34692
219256
265848
177118
110769
122269
91352
52375
22198
112386
219889
104103
26783
20044
219256
208453
111786
10364
116790
122269
23813
113488
236648
170298
20848
2375
143801
191721
32499
114540
186804
10381
106382
81323
177516
122269
265848
105533
129084
83158
275653
243453
136626
122269
226572
104103
75968
55797
106459
9598
106382
190689
193596
12220
8821
15656
105814
89197
260314
236118
38088
178469
266946
177413
128769
107789
14108
223276
20848
30847
131557
122269
140181
211595
0
234985
259035
68855
260262
161845
236648
34312
81633
2311
143278
236648
198876
20848
195072
220777
264306
132918
69444
127463
45970
52375
228904
95175
265848
111786
43082
256728
219889
60167
231157
95175
10364
122269
107789
159167
140181
159167
101423
161412
123724
220453
168903
265848
192831
106382
222614
196657
34047
122269
243453
157116
95175
192831
212194
265967
20848
110215
33086
272901
243453
143278
107789
265848
272444
182185
216530
20848
263232
143491
64066
179926
272444
91352
97684
33734
266301
33400
83158
215256
158133
4959
8602
137872
262307
249311
129084
246910
234370
178469
143278
211595
146698
209754
245116
117459
168903
25008
25024
131729
253525
102183
8712
257690
128769
135128
202244
138641
187802
17679
34047
17651
94342
235487
217891
143639
213059
265848
265848
234985
258755
89322
52375
107950
263722
122269
233776
143278
26805
14108
265848
236648
262307
86185
178469
23817
200107
249311
83158
11366
98292
34312
193089
68208
27205
275042
265848
259747
122269
248384
163427
220453
248696
252003
151629
220453
82191
241430
192196
45754
203720
23813
121859
187705
124605
140025
52405
157132
140025
135156
177516
20751
20848
106382
33086
265848
107789
254230
10364
236118
205259
122269
20697
245116
194802
20848
122269
106382
236648
136626
178469
234985
272901
129084
83158
29845
83158
50475
116790
56894
83158
33086
168895
9110
123724
217839
172672
0
232323
234147
262307
95175
253556
196306
217891
258819
265848
211595
74111
101528
210947
157707
215219
213557
140025
236648
143278
122269
4963
274369
51013
260064
102183
109809
198328
42533
20848
256728
10364
187317
49585
177516
83158
252685
260064
28007
249311
254768
227551
257690
265848
117459
73700
168003
219076
235234
143278
20848
4179
255409
272444
247502
232869
275653
193402
236648
262307
5624
150148
265848
59909
257164
177637
219256
176931
34312
203961
209976
178469
209503
77483
260064
83158
8602
242156
243453
216530
168903
121859
143278
54783
265848
51733
243453
260064
254189
248035
56646
122269
226960
243453
6654
236118
106052
140181
78281
177516
145553
134662
178536
13270
211057
150409
200866
277216
14114
28007
265848
143278
71648
246414
129084
89495
265848
231429
26401
168903
220453
106757
83158
143491
177118
252950
141105
232877
175083
14108
159167
236648
258755
245355
263722
255315
75349
258755
91352
236648
237953
12848
52375
143278
21962
143491
176931
219256
236648
172160
265848
18741
146666
122269
63055
177516
265848
39994
39412
55760
260064
73757
166794
65603
272444
258755
250773
14108
83158
160270
122018
83158
241760
26736
242430
0
75710
143491
186783
224941
277216
83158
137017
261488
140025
37119
109745
122269
265848
122523
255315
8003
240689
272901
147073
207939
107608
259888
51881
83158
14108
125251
10364
193089
249311
265848
265848
265848
83158
210386
38675
258755
95175
179926
164582
75400
222312
10364
99436
167996
122269
146475
52375
146580
232782
196023
52375
80689
268664
122269
172363
70829
216221
53246
127304
232970
209502
80118
265848
265848
203711
227713
272444
105058
57828
265848
187317
99198
70338
20848
122269
93673
177118
263797
209788
122269
12491
265848
265848
143491
222750
210386
92981
265848
252003
10364
272901
216530
73757
249311
183114
122269
220436
199163
143491
191069
178469
265848
227800
111721
265671
106612
256728
39251
95175
124034
249311
265848
265848
92981
34629
209971
169386
106382
111786
68893
254557
272444
25726
274105
277216
143491
248593
157135
105250
261728
181647
17743
37816
236648
264374
135128
104103
265848
52375
96085
161637
163175
137017
243453
220128
14321
265848
122269
2311
92873
14108
191266
271974
215158
195171
20848
265848
122269
173383
252685
129619
18531
95175
77049
120873
14114
107789
122269
126724
91368
220727
143491
226419
39915
211595
232182
85122
87005
46869
23077
129084
143278
83158
275068
114027
265848
106459
268553
265848
135274
23813
136763
129084
20848
99685
265848
122269
78071
228624
247151
10364
265848
10364
157707
143491
157084
259452
73938
106382
211595
138206
20848
166794
203835
143206
277216
55734
674
38972
249311
23813
122269
68208
114540
95175
236648
156080
107789
124296
28794
140025
52375
55133
157161
125447
236648
30885
70984
204139
14108
50494
190378
265848
258755
265848
212186
86611
120001
239425
122269
2311
265848
236648
143491
154799
181647
265848
200527
236648
231456
122269
10364
34446
252115
12848
131511
252950
259777
137872
17406
143491
265848
265848
106382
265848
73554
140181
27205
173093
12568
95175
83581
184563
230092
262307
50521
265848
245685
212217
152837
170746
32642
95175
249311
265848
269233
198543
265848
80115
259436
142098
214031
15972
83158
135274
80118
190076
197635
14634
131648
262307
199870
266644
83592
272621
245116
183627
211595
234985
128383
122269
122269
2311
16368
143491
91352
274652
28007
121912
272444
243453
195072
93089
20848
68208
82241
114551
200978
184573
113411
265848
259436
95175
124296
219256
178469
179686
260082
106382
10364
265848
82220
259436
2808
255315
2311
11700
16777
265848
236118
143491
245762
171733
217140
83158
245762
29334
67208
3963
17710
267576
231915
34312
211057
124355
191266
122269
274703
122269
140025
141021
178469
64681
145424
122269
265848
42108
158373
218810
146028
277216
275328
98831
151520
251609
108006
165710
266612
275476
247702
95633
83158
38088
30885
256728
14459
275653
82753
96420
178469
114446
28797
20848
265858
224941
224068
143278
81298
265848
3517
176281
183950
255349
203473
137017
265848
249242
216937
240454
132465
260367
59563
8860
274544
22319
263203
2311
259747
107950
122269
29498
37328
106382
143370
143639
29759
243453
265848
268553
95142
210386
249311
152293
249311
220586
216604
265848
256302
255409
265848
262307
160051
243453
265848
12568
265848
143278
114551
265848
70829
146028
95175
91511
54240
198543
204032
103902
81298
143370
2311
230543
262307
242430
265848
272444
131284
240039
268705
20848
91352
238335
88504
216530
10364
193521
143278
265848
83158
130970
223794
141105
268007
230092
111786
253863
158133
46869
83158
265848
179629
106382
218288
273854
128769
143278
143278
169698
236648
6392
68641
102019
83158
180777
272444
107789
158875
51013
167914
78750
143491
73533
143278
242831
236118
60167
143491
20848
83236
18943
217241
178063
152837
73938
26898
108821
10007
160225
265848
204139
122269
219256
265848
95175
190076
236118
191266
140634
262307
265848
63003
225566
33501
143491
238335
178469
124605
10007
256301
265848
83158
129084
236118
122269
41994
176281
184037
204032
127633
192313
97730
20568
50245
129084
10364
122269
236648
260064
10364
161512
17811
259452
16795
59909
262307
89043
220453
119882
164147
34435
34312
115700
216421
219889
68641
122269
20848
535
184508
114551
265848
38099
107789
272901
215010
265848
39996
10364
142991
173383
140025
261796
265848
88880
28794
129084
124355
197755
46573
210676
34312
90720
122269
265848
2311
107789
83158
25171
177516
104103
14108
68779
273709
224545
231621
89375
164754
5318
263722
163818
214031
179959
243034
52375
223559
79234
152119
113380
117459
232840
210079
88504
83158
25171
260314
10364
34312
119647
179982
93172
106382
196874
14108
95175
60167
84040
251376
265848
255409
143491
124296
265848
192831
34312
243629
168786
197230
165640
262307
277216
128769
143491
135128
68893
28007
19522
11366
117551
176281
115980
195171
102183
243453
177118
240573
20848
132918
181647
68893
30885
114987
272444
209754
49565
10364
88504
163175
115347
122269
83158
10364
141021
52375
143491
143327
247568
16777
131959
201822
236279
112386
68641
265848
143491
143491
270522
265848
236648
107789
193089
32642
34312
122269
104642
10364
116935
140025
2318
143278
265848
108508
58874
217033
123073
272444
265848
199872
216530
236118
168903
258755
122269
101425
35303
270754
265848
34312
10364
251376
265685
216530
106459
83158
172574
154251
277133
191453
264271
159167
36426
188064
174598
51013
68608
236118
41417
52375
167672
236648
17679
236648
50494
83158
261636
110481
20848
190689
183627
123724
245685
265872
178469
172739
238335
211595
68253
171783
143491
122269
260064
265848
274697
43618
166794
95175
30885
272444
143491
219889
216095
256728
89197
256728
140025
154366
172070
141105
78436
52375
252950
211057
265512
16387
258268
106459
77910
274652
99643
265512
238704
243453
218337
135128
153881
246568
243453
220453
184497
241430
10364
143491
272444
242452
132371
122269
238161
177118
205233
176958
56028
228961
143491
258168
122269
106382
42785
256728
215300
129084
262307
2311
83236
277216
89197
265848
53937
272597
143491
207665
54997
22383
25024
259747
255558
210079
183171
265848
277216
137419
80689
60167
249311
181607
30885
174179
243453
111786
222312
180755
188584
20848
265848
262307
178469
129084
35866
23813
41089
102019
143370
106052
104103
59909
114749
258755
237564
265848
122269
255409
20848
84577
83158
99049
147877
190076
26783
118189
275057
159167
176032
230582
104103
236648
180627
17679
89197
23813
230635
83158
39996
272444
83158
93869
143278
110481
235144
272444
10364
91352
224461
274652
95872
81662
268266
144882
158373
208154
206949
265848
158373
141105
122269
223430
122269
140025
52375
245116
102263
167926
180402
143278
11366
68641
189155
265848
58230
172001
174114
161806
181647
143491
24807
204260
275653
241203
108596
77151
272444
20848
255160
61050
122269
260064
220453
107789
3452
34312
122269
249311
122413
14634
193089
49565
143491
235837
248310
46869
261824
95175
265848
98119
9623
60167
265848
14108
259035
183114
236118
95934
265848
122269
14108
265848
234985
124097
143278
265848
212135
83158
223559
232356
265848
198543
251729
240689
137522
20848
185279
122269
135126
204139
146760
95175
113488
271933
104501
243978
148480
232782
64318
172739
14108
97745
262307
30885
178469
156545
124251
98119
58874
122269
265848
131648
9623
12568
28007
231429
129084
233727
42609
255315
272444
170181
131648
20848
191266
47676
69234
212217
123058
83158
191266
175083
162083
184938
2868
33086
260064
198543
143278
177150
15745
177890
236648
243453
270836
154419
240029
221903
276376
142180
8821
68208
271404
122269
34312
131959
207939
122786
20848
83158
138867
173383
89197
150407
139330
219155
177516
26248
104103
224941
73660
129619
177516
253994
191266
175030
75382
122269
216095
258755
122269
152248
243453
271333
262307
236648
236648
143491
230092
142089
68641
47676
265848
34312
127395
83158
263170
113488
674
60167
106382
207244
60167
20848
220453
8637
260064
95887
107001
223379
211929
28794
91368
80348
88504
265512
173514
10364
127304
243453
249624
226575
244
128769
124034
17710
129084
126495
277216
225566
177582
135128
256728
235487
179238
265848
240959
128595
52375
68641
122269
275068
265848
89197
184938
256348
265848
135128
204139
140480
51017
98237
243453
265848
170298
256728
17710
189485
272444
113122
265848
265848
68208
159167
233466
208807
236648
95175
265848
142991
95175
80348
143278
179270
122269
122269
91204
10364
246046
237564
122971
218810
117459
88117
236118
227574
236196
240461
220453
103358
122269
146028
128769
122269
249311
243100
33390
140181
33963
255777
33735
258182
91961
143491
83158
179367
242430
73938
106382
265848
136626
216530
243061
207539
43435
236118
46869
74324
262307
243140
258755
246741
275868
11366
18569
143491
135128
250427
211057
153484
236648
216530
112789
265685
209502
197873
18569
151159
75349
159167
265848
51013
265848
79234
243474
122269
259747
121859
14634
275612
94838
107789
214219
163362
238335
73533
83158
28794
80280
194846
107789
265848
13083
164147
265848
191922
265848
140025
256728
70715
129084
68208
156607
273593
38821
275653
106382
25024
25024
106382
193037
265615
144555
19522
49760
180733
192917
146666
163818
276499
10364
176961
32092
122269
30885
112386
242156
78144
112386
112386
60836
135128
52375
202244
14108
66023
10364
197250
216530
258755
83158
141264
234985
62460
26928
177516
243453
276836
88992
90965
242430
265848
216209
162083
95142
243453
22891
2311
140025
131164
49873
242156
95175
85286
33963
237625
74272
73533
262307
10364
114551
272444
191266
92981
268169
238335
122269
45578
153919
122269
60167
262307
220453
121859
192831
66615
265848
39287
177637
162083
126664
244037
20848
42114
111896
137726
19522
68636
122269
122269
34312
205765
38607
220522
209063
174114
236118
112386
59909
68641
35866
234147
136626
255315
265848
67653
265848
236118
132918
216221
91368
68641
18531
51013
167502
72659
94765
130566
265848
265848
222452
89197
83158
272444
74432
58445
126141
178469
52375
199163
8821
245116
243453
22891
95175
191266
91881
273854
276499
178469
129084
193089
265848
275068
190290
113488
137017
266301
265848
46573
256728
141308
129084
238850
122269
38088
87986
126981
10007
3399
220453
129084
65260
135665
140634
68636
122269
258755
265685
112386
167223
196532
18770
24909
535
10364
68208
135128
122269
28028
236648
191781
256348
28007
265848
20848
31190
128170
236648
143491
9382
95217
269886
143278
228618
8637
177037
262307
143278
8758
271933
60167
135665
216530
183114
85286
112094
122269
128769
68208
11366
73183
89375
122269
26783
79234
124296
181425
138106
59909
89197
265848
265848
265848
80348
131207
265848
178469
265848
162129
73531
234709
52843
15656
265848
20848
89322
104103
128769
255409
70023
266141
87065
139209
123734
110769
159167
2294
209754
217988
265848
143278
81298
12568
123724
11366
216530
213747
129084
265848
160225
181647
44348
122269
277216
80640
216530
211057
218884
80689
27732
235569
84253
198543
207263
122269
127954
122269
127395
45021
22383
274116
2039
222131
224941
73757
220453
129619
265848
138206
83158
67208
206325
157135
243453
105058
244320
122269
176931
211595
83158
17679
143278
31984
104103
235505
86207
272444
49585
193089
19522
177413
181775
160270
236118
123724
240461
205232
10364
236648
265848
151629
79234
258755
17
18741
111786
211595
219889
265848
265848
265848
265848
127077
10364
153405
238072
124355
135274
236118
24522
107789
230938
212186
240029
7127
138968
168438
195171
2868
57687
122269
248593
93689
34312
49873
148351
122523
80152
20848
89197
140025
218337
217891
265671
143278
30329
240246
122269
236648
236389
89197
234985
8602
143491
91352
143491
144555
274703
60167
68893
57758
104103
263203
167926
0
23486
265848
46966
265848
207939
265848
14108
222127
265848
194665
135816
243707
80348
199870
177516
153178
262307
227378
243453
67704
2868
43357
199163
226419
230529
238335
69876
68208
136199
191266
91352
240461
134662
162646
187317
104103
277216
159167
94427
214245
243453
185839
214031
95345
243348
15656
209458
215126
193164
122269
91368
236648
129084
5915
270224
265848
129084
158133
167996
131959
92938
272677
143278
3810
116935
257690
122269
238335
216530
218337
259035
275476
52375
265848
50039
216530
165448
152068
68641
135128
31392
236648
269233
58128
266301
265848
261690
83158
204183
159012
178469
234147
258268
10364
252950
91368
219358
60167
106382
34312
277216
265848
143491
240029
193102
131557
152075
68641
6291
124296
143491
169698
106459
10364
265848
140025
30885
211057
159167
94506
20848
265848
63040
134662
142257
227797
220224
73757
4096
19936
57687
173383
3399
224941
260064
194453
265848
275068
221061
236648
265848
272444
143278
157135
14108
122269
277216
163818
225263
178469
180402
265848
75857
143278
264917
266702
88117
60167
243474
272677
12656
265848
143278
30913
96344
243453
258755
193491
230543
183171
2039
75776
95175
104103
214031
35613
259747
15972
262307
17399
191266
20848
259035
166794
158688
168903
265848
232767
193491
152837
40441
73531
263096
30885
122269
122269
20848
140025
117092
262307
58976
245817
220453
179959
34047
217951
237413
216095
95175
57707
269061
148480
256728
111786
265848
265848
266139
135665
228904
226960
220453
276952
265848
210386
22383
166794
129619
20848
236118
31984
143491
255409
210079
106612
68916
46087
240029
143278
107789
196464
265848
17679
34312
138689
265848
16777
274652
216530
95175
152119
259747
25024
272444
176761
265848
95175
122269
120685
200462
233148
109847
14264
129084
82753
231429
72659
211057
212186
238901
145814
114551
121859
217891
15656
232060
137535
129084
143278
186099
54388
230582
183171
272677
72634
262307
40302
122269
122269
177637
122269
8602
52375
255265
243453
46573
265848
142211
248164
106382
30885
199870
123734
198876
674
56119
97829
106382
83158
219889
162237
135156
255315
143491
106382
265848
122269
105775
275653
135128
211095
235144
176281
88117
240029
135128
265848
88203
268007
266139
243453
0
111786
265848
177037
245817
46586
50521
122269
30885
38249
34312
129084
84373
143278
172610
81885
178469
674
243453
116968
138187
256739
65461
90825
254230
262307
20848
262307
242156
124355
212485
216095
22729
30329
227378
262307
6946
265848
135128
53569
168868
11302
236648
0
275068
271933
267937
229621
265848
85122
177516
241147
6750
134439
106382
240425
9623
12343
160225
154324
236648
49565
8821
277216
166794
28007
243453
26248
46832
254340
68641
152837
236648
26248
219466
148256
107950
107550
275417
34312
141308
143278
80348
83526
243453
53671
129084
219256
95175
196306
237422
52375
61913
27042
195826
25024
113411
28797
143278
159251
57319
166483
216530
94141
164147
265848
17560
265351
54487
115347
30885
259436
137017
192707
272444
272677
249311
95175
273821
146275
20848
198543
241650
152119
122269
128617
167926
251937
231438
204032
38088
198543
13270
21467
243453
265848
191922
192245
194540
259436
25024
85602
8602
10869
46309
158373
265848
95175
195171
265848
97251
136626
63906
166736
127236
29759
265848
178469
20848
207783
62271
249311
216530
106382
56215
143491
104103
106382
234985
2294
228104
37732
183627
141021
128769
236648
217140
187301
128769
273274
13007
28794
68641
265512
68641
166474
249311
170435
137872
60167
236648
143278
260508
137017
143565
68641
128769
26248
265848
265848
226575
137535
148351
265848
220453
32272
231429
98831
10364
219889
75968
0
269275
262307
113380
102269
94838
54487
216530
93724
159167
20848
265848
143491
106459
68641
12568
175083
61293
217891
265848
234985
131557
60167
4027
144466
230313
276952
73757
243453
21677
265848
107797
62769
30885
135665
95134
10364
230635
67700
122269
109796
122269
0
184573
68208
276952
140782
265848
33737
270754
262307
3087
159167
10364
236648
161806
243453
99198
127157
272444
236648
20848
119256
112386
265848
186940
131002
216530
96684
54743
122269
205233
106382
190686
88117
251044
73757
97829
94448
240461
236648
60167
219020
176682
178469
20848
911
260064
266107
260064
253130
21437
129084
243061
151843
277216
49118
83158
158373
115380
103611
265848
128769
245762
259132
177516
173093
139958
220453
168732
32782
10364
122269
30885
73531
75754
187489
129084
266463
176723
211715
204247
80363
146103
40292
211595
168903
191266
60167
60652
17679
235487
33735
6264
277216
35613
166490
265848
231429
265848
122269
6517
137017
32092
95175
122269
143491
185311
83158
255364
60167
46869
122269
106382
235487
178469
196532
129511
10364
20848
124605
178469
122269
129084
236648
178469
87450
73533
219820
237235
232970
22383
177516
17747
83158
211032
131668
262307
10364
233727
263713
30913
265848
195810
52375
261242
163522
250773
104642
101528
147382
143491
95175
2311
229081
14114
236648
265848
177413
20848
11366
26928
1174
91368
197230
210386
231182
192651
66047
25008
265848
63003
177516
95175
270552
143491
122269
107789
249311
122269
138608
183627
242830
104103
230313
255815
143278
182185
85286
265848
219256
239425
216530
95175
95175
262307
12568
276952
144555
233268
258755
9406
50601
254883
52888
61913
241760
3590
17679
135128
26248
152837
50521
272444
272444
94448
123734
20848
219466
255265
143491
100421
237075
72255
77420
179238
236648
108990
186459
265848
178999
30847
105815
166165
128769
38088
236118
274703
112386
241760
10800
220453
179288
52375
153869
154168
216095
25024
12568
2311
218337
140394
109679
95872
107789
34312
134132
140025
265848
256728
90075
68893
137457
219256
122269
265848
160107
216530
139043
265848
203961
143491
78198
33734
8930
106382
122269
159167
134271
241401
265848
212465
34312
112386
11366
247378
260811
25024
223901
236648
83158
122269
265848
20157
46966
272444
115347
240425
20848
123734
129084
25024
42609
122269
216530
95175
160225
236648
52375
122269
277216
117459
265848
107789
265848
28007
178469
115347
106382
122269
30885
258332
272444
122269
120040
68969
140025
68208
67986
265848
255409
122269
92981
143278
265848
99217
213325
276499
265848
31816
152911
177516
269964
178469
20848
22198
243453
35040
143491
193164
26248
265848
11366
165474
243453
259747
143491
209754
118189
33400
236118
179270
106382
104770
238335
160722
235569
2311
191266
18781
46869
236648
265848
260064
1174
81633
6279
10364
263589
230092
249323
52375
262307
37621
112257
22891
272049
272444
277216
241203
14108
3723
211595
167223
249311
240461
256728
242156
120798
216364
191266
108596
203779
277216
17679
128102
144555
122269
122269
83158
162083
22891
234905
25576
178469
252950
137017
265848
236648
3083
152119
12453
220179
106382
192917
14570
137017
90676
235144
171115
262307
104103
73531
217140
177637
33963
37098
10907
95175
60167
134011
93724
95335
83158
91368
159167
265848
97829
17096
105058
259099
79234
265848
265848
143278
111786
36194
129619
126141
265848
249311
178469
196657
81298
68208
122269
113488
20605
178469
236118
143491
233727
192831
49760
236648
8827
265848
163522
122269
211595
65371
270838
177516
265848
14108
143278
183114
30885
78455
68641
191266
215882
155540
122269
245116
168903
155442
73757
20848
191922
183950
122269
241430
168903
68208
194575
178469
123724
143491
107950
203404
265848
43357
129619
79234
11366
15745
265848
135128
8637
30885
234985
129084
259035
68208
86207
217988
269789
128467
122269
104103
265848
265848
231828
259747
178469
112386
265848
122825
22891
207609
57707
187317
73757
90965
96295
8807
8930
152119
236648
107402
95175
209754
262307
23813
259747
66755
255409
20848
183114
156490
17565
242156
214031
53150
244814
168533
196023
167926
15972
236648
246226
115923
122269
52405
80348
112386
265848
92934
265671
99643
41444
46869
95124
122269
178569
42788
233479
122269
175970
174830
20848
53334
275653
233724
272444
238801
265848
128769
12568
265848
210079
39274
143278
73700
258755
249674
222879
30968
144300
134394
106382
198343
191922
265848
83158
101739
51013
202052
255409
112386
127463
122269
81869
191266
79685
266301
244620
265848
123734
265848
249311
63323
122269
265848
63711
86740
20848
277133
260977
255409
122269
122269
8902
105478
175759
277216
102183
190018
212094
146666
231518
49585
262307
178469
190076
265848
85211
123916
124296
122786
51013
17830
100120
146028
256728
220676
106382
8821
95175
104103
26699
81633
185664
30885
113411
62326
252685
73757
143278
263722
128348
107950
122269
265848
214198
146028
14108
191266
179954
265685
216095
61950
211929
167914
193339
207244
135274
267881
266644
5245
259436
228384
236748
107789
241430
40867
173383
39996
30885
265848
120921
235487
205139
236118
134985
20848
265848
95175
14108
17096
122269
236648
68208
52375
122269
10364
95175
15972
114551
138210
265848
224903
182100
48232
159012
122269
150939
106382
275328
68208
255409
216530
91368
218337
239689
143278
143278
176281
249446
126981
83158
68893
265848
129084
89375
176931
272444
17096
240926
258182
114376
99436
265848
262307
10364
203403
265848
129084
52375
50494
34312
80348
34312
182032
83158
189396
20848
112386
276952
69234
10364
212186
256728
95175
55727
134551
124097
75585
83158
56946
230315
177118
90478
51879
275068
95175
178469
72634
0
143491
33086
95175
53680
195716
164147
104103
265848
256728
234985
165710
31984
35062
236118
277216
67032
23406
272901
129619
104731
235144
18741
179238
107789
213499
10364
122269
167914
2311
236648
107789
17679
265848
143491
261996
122269
14459
20848
143491
134662
49913
255315
183627
209754
243453
193089
143491
197642
115491
122269
235487
227800
158272
167223
209769
104823
90340
177516
148480
265848
265848
10364
262307
146028
214031
243453
272444
265848
255315
190826
118123
112386
60167
10364
211595
176723
265512
122269
220453
265848
253677
174114
19522
13083
211595
236648
261636
236648
95175
131557
225566
191266
197250
64960
14786
258755
122269
201878
197057
234985
535
252495
50521
238335
19522
169833
83158
94005
135816
251937
140025
245685
122269
189013
262307
91368
78455
219889
10364
80348
122269
200107
265848
172739
255409
252685
171709
236118
106382
192717
265848
146666
233922
25171
22679
232782
111786
191922
27519
98537
159748
83158
91352
168037
216530
113323
107789
97745
123511
270224
83158
223507
236118
183627
107789
10364
177516
259675
252385
272444
9226
24424
20848
250954
265848
13156
212465
265848
106382
91352
271933
109565
232782
238335
260064
20848
126141
265848
262307
137457
136167
25532
65603
143491
234709
124355
265848
199870
91352
112109
177516
151713
121859
143278
190018
83158
20848
112789
176281
25785
72225
33086
145032
236648
2920
33086
211595
236648
211595
207665
17710
126981
265848
262307
105478
232840
13218
263722
52375
191900
10364
265848
115491
4403
5624
230938
262307
260401
236118
48484
106382
34312
277216
268908
191708
56805
83461
164484
236648
112386
15972
115923
126141
62652
33734
156607
265848
251721
219256
53937
17399
46970
265512
113274
127395
8821
265848
26046
199163
116935
254230
234291
122269
123734
53928
249311
137872
271933
185179
83158
17679
73531
120962
88504
117225
20848
265848
181647
265848
176723
193947
129084
232840
128020
122269
73533
87450
163818
123734
277030
196874
276897
211057
265848
97829
122269
265848
249201
10364
265848
216530
22891
129084
240573
131557
11366
204032
155341
83158
232552
201952
64378
265848
14108
122269
119256
210386
159167
83526
220453
265848
177516
94084
140025
107789
10722
83212
14114
84577
183685
149376
236648
102158
28007
136626
134525
140025
130597
262307
78144
258231
10364
143278
260064
127157
36613
143818
272282
236648
34312
260811
265848
272549
240461
73757
114027
2311
167914
262307
14108
83592
37176
268130
94108
107789
220453
223116
122269
276968
124627
32592
146666
91526
222879
119822
209502
265848
120327
235160
265848
70715
133890
122269
122269
140025
135128
110481
95872
206512
243453
95175
117459
224941
112386
277216
107789
265848
26248
193089
265848
234985
265848
216421
191781
232840
217951
52375
266139
106382
68779
265848
221459
265848
221903
184612
265848
128769
6517
146028
130646
220453
95175
91352
128769
172604
122269
143491
265848
91352
122269
34312
135274
122269
92981
181647
157443
59976
116935
207665
6654
46573
11169
11366
60600
167914
101528
275653
179832
144047
135128
170298
46897
275653
34312
189620
236648
97829
225566
112386
262307
249311
197230
225566
37260
49694
16777
183627
90959
219256
236648
6343
270044
122269
126141
157135
208199
101252
216209
107950
122269
202254
277216
122971
52375
60167
203520
122269
20848
103883
245116
208807
17399
20848
211908
60167
136626
168903
8712
251729
8637
243836
21309
37425
154426
231429
243453
119148
143278
265858
137016
221293
107951
207244
265848
172363
20400
130122
233466
33734
123734
34312
243453
230313
262307
127463
251721
224349
37328
265848
143782
12848
114749
122269
268824
229567
259436
107789
33086
14114
249242
122269
185761
249311
162324
135128
169686
4227
145814
233585
65205
143370
213013
174083
186736
20494
14108
114758
220732
236648
45233
128769
177516
9786
95175
140634
143278
219889
0
100226
78144
265848
241044
258268
143278
174100
143491
129084
96709
95175
34298
216530
122269
49873
265848
111835
276952
60167
223834
128769
45754
121842
33735
164230
177516
34231
29395
36710
265848
14114
214876
236778
198543
265848
17399
126141
236648
180435
265631
177413
210386
140181
243453
256728
11366
137017
33034
220453
73700
143491
131557
119348
220453
193874
107789
214031
262307
136645
34047
168903
119314
220453
236648
26046
192831
219256
73757
189620
161930
20848
122269
220453
146666
191922
129084
122269
84537
185664
34312
232767
167926
68641
209971
14634
197158
107789
263722
173058
265848
191528
204331
265848
12568
255409
241401
50521
204247
135083
176281
265848
72515
25942
202244
265848
18931
22891
204139
44424
12568
191781
143491
180777
95175
70556
59909
126141
68536
138206
258755
106382
117459
52375
191448
78455
20848
191266
255315
67986
142196
143730
274652
167926
265848
2868
248310
35202
106459
240959
26548
102749
193089
257690
223232
80348
210981
83158
193089
83158
259436
112386
52258
115347
42877
106459
52375
253826
123058
255315
123724
123724
265848
123734
20848
277216
270044
140025
234147
59909
242156
270314
143278
88819
143491
95175
245116
236648
130555
34629
122269
101290
122269
146028
272444
126516
123724
142098
265848
206612
22891
106382
143278
265848
46869
20848
265848
179305
211595
122269
10364
136353
262307
14108
263977
258755
255315
255409
236648
122269
143491
52375
30885
48791
183627
260064
14108
234985
34312
68916
71091
17679
26282
166549
166483
265848
32264
122269
168903
31947
106226
262307
262307
245116
30913
68208
265848
265671
243453
191266
38675
216095
265848
22756
185749
2039
236648
132364
276871
151589
12568
227874
263722
265848
59909
112386
234664
52375
243453
265512
172078
274703
103022
122269
35512
265848
78455
183114
77135
259436
251376
145424
236140
272901
251729
0
38088
183627
257690
143491
129619
122269
83158
83158
127797
231713
272444
122269
45299
124355
148480
236648
80118
122269
97829
80348
103681
203711
34312
17679
10364
122569
140181
27732
95872
99217
29498
23296
219889
218337
164072
124296
114749
195171
122269
70535
122269
216095
143491
217241
25008
35866
218337
77865
9382
52375
243453
124034
236140
261636
0
14108
10364
195132
171709
136626
128991
14108
253787
112386
122269
236118
108114
236648
122269
265848
28007
276499
120040
80348
114027
5940
242156
73938
31816
101739
122269
225566
236648
114551
14108
146666
31515
143491
107950
9031
122269
143491
30885
233230
210628
262307
9996
20848
196306
70829
127157
126864
30885
217891
68641
132221
112386
234985
140181
32642
243453
266301
59909
17679
242976
265848
246910
259675
140507
265848
265848
178469
272444
208199
181857
21486
124432
211595
252013
202138
240689
241303
78144
265848
80665
177637
256728
270065
122269
106382
50035
209971
122269
265848
88504
18531
80348
260506
265848
218623
212186
111786
199597
95175
111786
23486
98281
258755
89762
275653
240959
265848
255409
140181
86183
272831
53519
85405
50494
122269
191781
61619
183627
2311
91352
244381
168903
143887
265848
122269
68893
72250
209497
262307
19255
115980
93891
126296
95175
18741
14128
14450
202013
20848
158373
140025
20371
27415
115776
34312
111786
265848
110885
83158
154683
242430
4963
42108
56657
164986
100876
259436
91368
110897
236648
107789
142379
230635
236118
122269
134662
129084
113488
128769
265615
238335
30913
124682
116000
255409
148823
170298
85730
3034
129084
72947
122786
234147
154324
177516
201181
127633
14108
137017
241430
122269
107789
259035
30913
85122
168903
238801
116632
84908
226797
265848
2311
185839
225566
265848
136626
228793
266159
154168
175083
9417
265848
68208
122269
68641
143278
18741
30329
7127
135128
107950
93689
107933
30329
49118
11482
68208
269565
252950
236648
9623
143801
241085
187802
212987
143491
30913
265848
15972
181425
253130
223116
23384
95175
46869
140181
265848
256728
195132
143491
113380
61913
217891
148195
266644
126141
199870
70023
140025
60364
119256
106382
265848
263722
129084
73533
272901
272444
115491
272987
148358
131057
272714
128769
105478
108596
238335
129084
6517
231429
91368
258468
10364
23376
218810
20848
20848
107950
272901
238162
146666
112386
2311
91352
272444
142098
216530
167926
243453
104103
217839
236524
245116
275068
193521
196654
91352
28541
30885
265848
253369
19117
265848
276499
236648
157116
175247
59120
232922
235487
195360
110885
230299
2311
28795
105058
52375
97829
83158
179982
277216
265848
143278
252950
225111
193349
159167
78455
231336
34312
174655
141105
126141
143491
107950
60033
243453
4179
181647
122269
216530
180435
231438
206949
182519
17096
62326
259747
122269
176281
8821
147026
52375
265848
122269
170298
262307
265848
270522
135665
236648
83158
219256
187317
64066
255315
243453
275328
143278
17560
95175
135128
265848
179982
168941
143491
210686
85936
210386
173281
249311
83158
252003
16574
57687
230620
83236
191266
172995
19485
266139
114027
216530
68208
55892
122269
34629
58662
8637
17679
200462
33985
264848
170181
181294
181647
14570
265569
14108
239425
78145
265848
83158
236648
258755
272901
272444
241497
170298
177413
160225
255492
274703
83158
151629
70111
15972
249311
193089
154432
231429
91352
251044
104103
116790
18531
272444
114551
106382
216530
79449
151859
134185
100193
80348
236648
265848
47382
149859
54501
90543
19189
73533
20848
4608
112386
24672
63906
69181
110002
264306
160641
49179
14634
168360
265848
94610
218337
220453
83158
236648
122269
19189
265848
167634
146580
147767
144555
212186
185967
160225
83158
265848
208575
64480
105626
192540
178469
30913
122269
220453
28007
168868
240461
137017
226960
236648
140025
20848
143278
131012
60167
236648
129736
274703
236648
127077
37328
38340
14634
139616
83158
52258
262307
99338
186783
52406
51178
63906
116935
92981
259436
112386
272444
50494
262307
144309
56119
16620
154419
89197
263722
2311
30885
265848
128769
17679
189717
206675
197744
14114
234709
83158
40441
219820
9598
247568
89197
131557
20848
122269
122269
39403
274105
168903
211595
220453
3083
236648
203661
163427
73531
266107
83158
197250
265848
231429
34312
68208
165847
170385
63040
234985
91352
52375
259436
75349
91881
122269
17560
143491
143491
68893
108447
258755
58874
259436
216604
255409
38500
105468
10364
20848
262307
179458
274105
265848
265848
262307
266644
129619
197004
192767
109782
14108
122269
272444
193089
17413
173383
159167
191266
185241
62529
191983
166549
122269
142934
128769
220453
231182
183171
31657
143491
57687
135128
178469
127104
143491
30885
268169
178469
275158
243453
143887
78144
135490
36556
199870
107924
168903
265848
91352
183114
9623
263656
232894
143491
272444
12568
178469
13823
78794
137510
270065
242156
156655
236648
143370
175459
178301
148351
137872
181294
122269
120903
116131
107789
168567
43082
60167
122269
134662
249311
113471
183114
207707
136251
198876
239351
256746
272444
37755
215300
274105
183114
30885
54625
43357
129084
85989
30304
241497
73757
265848
85122
104642
253573
128769
124355
243453
242430
258755
160225
260977
67668
247568
170862
127633
197250
256728
272614
73867
265848
243453
172095
140181
93869
240461
20848
74149
151914
72307
261636
265848
164582
195171
2311
89375
242156
236648
85122
125545
265848
84687
251770
157097
25024
98943
83158
122042
265848
176723
7173
113488
186315
220754
275653
143491
254981
271040
265685
177637
265848
277216
34312
136999
91368
33086
265848
236648
262307
135665
52375
60167
2375
148195
259342
89322
117459
118219
198131
20848
216937
17679
224941
123734
183627
273821
9382
272444
94385
130863
178469
59909
164147
20848
152837
34312
68208
192831
35866
219256
146666
226977
8602
32092
60259
34312
265848
245116
129084
14114
236648
236648
50716
20848
27125
167926
244971
122269
256728
129084
40302
178301
216796
211512
122269
14108
129619
10364
81044
265848
49873
25509
178469
107950
273351
128769
143491
61904
178469
20848
187224
265848
210386
272444
91368
24071
204139
129084
78750
193276
140025
238901
212409
176931
276311
236648
7914
236648
20848
219889
80348
256728
143491
236118
130499
225566
180787
129969
79234
37816
122269
143491
92324
80764
86207
233500
268130
166794
2311
66781
172659
10364
189075
143278
71009
119319
101252
265512
48242
243453
129084
68893
220453
28794
107950
122269
34312
30885
143491
95175
143491
106382
21309
53671
176723
176682
1364
66880
175970
201878
160051
209976
80665
265848
68893
265848
265848
154799
259675
209310
61892
20848
179458
127719
233186
220453
140025
34312
174114
121859
265848
268169
30913
88992
14108
174114
143491
230582
164282
209754
265848
26248
67402
122269
59970
143491
23486
20848
61904
25024
107789
248007
164160
68893
143278
191900
259035
191266
272444
182532
94141
265848
220453
212186
181647
251276
63711
262307
142934
231429
236648
20848
272444
121859
47382
28221
173810
185328
236648
177516
90707
235487
236648
256728
95175
83158
143491
143278
135128
56215
265848
106382
265848
83445
243453
201282
265848
90478
236118
265848
210386
124034
166197
265858
154915
146666
122269
268007
34312
129084
34457
145814
122269
8602
193883
229621
129992
179238
33963
68208
20848
31367
20848
159284
219256
91352
123734
91352
196306
18992
2311
73531
60167
74436
236648
216530
95175
136626
227727
90965
211057
72307
52375
225566
23817
272444
265848
123724
277216
265417
99217
52375
143639
196613
23813
127304
245131
135156
164568
55734
265848
131331
63040
265848
255315
158910
251729
259747
53357
232782
122269
123724
112386
106382
243453
262307
177516
265848
39047
136626
223379
4125
172435
272444
226960
20848
258755
238335
260977
68779
178063
26006
83158
9367
116131
11754
83158
109869
28794
251770
263722
173093
167223
143491
10364
2846
123724
106382
20848
11366
92981
243453
60167
95175
20848
104354
181425
134081
200527
78144
219256
211595
143278
275653
104103
206675
236118
122269
237564
44172
111786
116577
255315
106813
146275
152691
274967
193583
220453
198543
2311
275653
12568
20848
69194
184938
219256
218399
176308
104892
272901
272723
28794
95175
117225
34312
160271
58230
176032
73268
89322
243453
114376
20848
143491
236648
159167
68208
224941
63906
115491
123379
262052
220453
141017
178469
170862
63894
15299
44110
124296
265848
65461
211057
143491
248625
20848
266107
78071
10364
10364
83158
177384
141105
272831
262307
73757
265848
136626
248035
23096
262307
123734
85775
111786
52375
251661
8594
94838
88179
72225
152119
265848
191266
20848
191266
73554
28316
193089
9605
143278
10364
143491
265848
60167
43357
54412
131390
259747
265848
162233
17
265848
265848
170298
89197
57879
122269
140181
272749
245762
204255
236648
233500
265848
170298
178469
127381
83158
178469
198543
78071
121859
52375
112386
208154
149280
98042
19522
265848
243453
234147
265848
106307
37328
143491
122269
95175
178469
174271
143278
265273
95175
38516
17096
123734
159932
138867
159167
173383
95345
123724
95175
206846
245598
262307
158133
18741
146028
80329
218850
265848
135128
175287
28794
84352
93527
177516
53810
2906
228618
198307
166483
25036
10364
47264
104103
122269
265848
35613
144084
125545
49913
230543
27415
274105
255419
2868
252433
265848
40302
246910
78296
179116
55116
142098
178469
8602
152837
241530
122269
162083
104103
218288
34027
135128
243453
243453
123734
57486
34312
34312
143491
158133
265848
39666
158476
95175
23813
27467
197250
143491
274618
222290
243453
160056
134662
10007
249311
107789
235961
170298
123734
80548
97290
143278
272444
251609
275653
83158
265848
113687
210105
127789
177516
113380
248035
19522
26248
252950
129619
34312
28007
30329
152837
242430
275653
262307
109315
42609
208575
188744
45952
20537
73757
104693
10364
265848
216937
231336
164147
256728
137726
96638
228961
122269
61832
253702
59909
135128
235487
128769
265848
272901
142934
20848
16347
60167
202244
129619
259888
227031
180777
17679
272444
211595
265848
5439
268758
115347
67920
143491
128653
118306
133648
272901
60790
12568
265848
243453
243453
57528
263722
271933
2311
265848
135128
164582
146666
10907
92604
265848
243453
68636
253771
212186
147860
12848
256728
189475
202244
18531
68779
139960
98237
204247
256728
241155
56028
236648
181607
114540
185893
200611
34312
89197
68208
33390
236648
46869
261656
79947
250849
265848
177516
166165
129084
181294
208306
177516
37816
20848
911
26248
255315
265848
88218
258035
80348
91352
25036
122269
269658
263722
265848
270552
199682
219256
273854
258755
166794
38088
243453
151804
128769
138206
252950
173243
107789
167926
73531
122269
37328
142098
200107
195171
218337
191747
143491
122269
65536
131076
95175
255315
236118
143278
35682
242430
7005
112193
265848
184497
263096
260895
137017
14108
236648
208961
40388
185749
185057
135128
183114
83158
219889
232862
52375
236648
143278
155494
231713
258755
59486
135128
191900
181601
107789
227874
21636
111786
74057
273259
52375
80348
143278
154915
74272
30913
122269
52375
259452
174598
111786
85730
163475
155494
110481
160225
128769
256728
121859
143278
274703
196023
265848
152837
18531
123724
225057
112386
674
225903
240461
137726
196306
106514
18181
246676
238901
106459
143639
272063
9406
110215
265848
224941
221339
131164
30885
249311
262307
102183
106382
129084
276968
122269
43315
237324
94208
275975
240029
140025
210658
220815
106382
95175
68641
265848
232970
178469
266301
35651
14264
20848
28007
79685
231336
265848
13104
232970
259747
262307
60167
209769
222127
191922
123734
265848
63906
264306
150409
83236
211032
234709
53937
122269
62298
140025
128769
68208
152837
70556
69053
95175
108596
68636
160270
128769
47676
10390
177516
265848
34312
106382
205854
89197
251877
95175
10995
80348
122269
143887
245189
176723
265848
277180
122269
63906
184396
236648
265848
674
10364
19522
64560
272444
140025
217207
256728
65461
34312
265848
272525
272525
216530
2808
8003
178469
122269
101290
67986
112386
199519
178469
159167
182026
230529
248035
33724
17413
159167
97674
236648
17679
240461
128769
265848
268007
54291
20848
9110
14108
150407
243453
265848
175196
211032
122269
247333
241497
143491
34312
122269
241430
143278
272444
255265
170298
20848
30885
236118
154324
28850
247568
177967
95175
34312
248593
129992
21132
143491
137726
2311
63459
243453
146275
269930
137866
247568
236648
20848
34312
183171
231429
78145
249311
265848
10007
73757
268130
233800
226419
20848
106382
122269
236648
110769
143491
265671
277216
234985
174825
258755
191266
224941
196603
31363
196306
260064
61220
179982
61892
95496
60167
154419
199870
229226
248421
8602
149953
157110
148195
85405
139515
254163
108
135128
176931
122269
239097
145814
12568
156603
176931
143278
196874
262067
11366
242833
18531
187892
236648
143887
94427
122269
236648
60167
181622
249311
195171
143491
160225
27803
237971
217988
14108
0
219889
210371
258755
273090
265848
100762
153919
60579
135128
265848
265848
135128
124296
60763
193089
154419
11169
122269
112386
140181
115776
177118
143491
197873
104808
123724
174179
143491
20848
250828
34312
258755
2137
272049
255409
219466
143491
159167
178469
68779
77674
73585
227031
275653
142448
259035
84450
45754
236648
164147
106382
167926
64378
259436
209462
219256
259035
135128
35613
266264
265848
198185
22899
23813
213747
214312
228657
59039
159251
115347
265848
52793
159167
52375
17710
242430
20583
33735
219256
247588
98831
152483
113551
64853
95345
29759
189776
176281
91526
246910
265126
23813
265848
89322
107387
18569
106382
34312
20848
11087
152308
80782
276499
265848
219256
46573
52405
111786
177516
235487
122269
256728
128988
20848
138968
265848
178469
122269
83158
175030
235505
255315
265848
106382
37328
158133
265848
143491
210386
128769
217951
259436
17565
244037
14114
121859
91352
8602
60167
130058
212186
220453
168903
200979
138539
207665
83592
95175
267706
129084
99711
29759
118189
143491
256728
27415
11366
103357
113229
191266
95175
263713
265512
234985
174100
20848
10364
197230
29640
213747
122269
247559
268
83655
34312
192832
68641
111829
33963
178469
135128
2868
20848
106382
80348
178469
106382
53680
122269
261636
201758
20784
236648
214157
6343
272901
115347
243453
241262
68893
95175
40223
104103
263426
211512
265848
262307
91368
39313
122269
17399
123073
6517
68641
97829
122269
186943
177118
98842
95175
83158
83158
163932
183627
198963
20848
61913
245355
129511
265848
138206
80348
2311
128769
129084
265848
240461
37755
191266
219256
143278
236118
252950
208519
228904
124605
128878
265848
140025
120701
229226
122269
201988
241760
169529
252988
109718
18181
14108
159167
218337
249311
159940
219256
75349
67951
20848
28794
160900
143639
52375
252092
162083
146580
143491
216530
83158
60167
129084
73938
143491
135665
157135
216796
143491
243453
179238
176281
206423
214693
242156
123724
93647
210676
140025
107950
64600
265848
183950
20848
229993
8930
219256
138436
265848
17830
26928
34312
216530
83158
18229
20848
171816
175970
106382
123734
65461
253130
20848
176723
8827
37054
177969
236118
13270
131557
200229
15656
42108
265848
143278
178469
178469
153589
117092
126141
34457
183114
240029
52375
264374
31744
258755
243453
268262
249311
143278
178036
143491
143278
53928
83158
154799
265848
223116
108114
78144
29600
199870
265435
272444
260064
213325
265848
128769
192661
106382
18741
176281
265848
265848
138867
115179
68208
99217
143278
53680
258840
265848
46970
10364
265848
14108
54487
265848
265848
252003
148156
260977
18531
236648
265848
68893
70556
23813
236648
107789
265848
129619
143278
242206
52375
196306
10364
140025
240461
122042
6328
49873
83158
216291
54625
146666
131648
194091
68916
35613
236118
15972
26928
12299
2808
253787
68916
137726
184938
121118
137726
33735
62529
206707
35782
68893
177516
171765
178469
20848
143491
91352
265848
20848
52258
60167
10364
103022
156490
37328
193521
242430
7008
10364
218030
184938
216095
121859
142098
143278
23802
178469
112386
181647
183627
51013
61913
124605
265848
112386
143491
181647
178469
177516
179238
235011
34312
95345
243453
122786
240926
265848
129084
243453
104103
114376
26248
180510
265848
106382
242712
276499
167926
198602
161793
27379
176931
154419
88504
15125
190005
191266
268553
22660
110154
33086
254981
39182
143491
219889
64066
119916
217411
140025
257686
172739
135647
25024
62529
19936
102374
235144
143782
189013
119823
106382
34312
15972
111786
25024
126141
75919
83158
25807
267078
96295
249311
265848
122269
135665
243453
14264
259035
129619
17679
243453
56028
177516
111786
1709
14108
216530
122269
265848
221090
262307
265848
217028
254116
122149
30885
247502
255309
43784
252950
265166
175950
209971
14634
51013
206731
140181
233800
230543
241847
209497
159284
36705
221385
272901
245116
122269
46869
95175
204032
259747
240959
265848
107950
265848
265848
265848
275328
234985
83158
0
122269
272444
122269
8602
219256
155442
256348
216530
10364
200284
73757
252950
34312
236118
246231
236648
143582
222131
152691
35613
224691
122269
122269
265848
270203
236648
246101
95175
143278
20848
20848
43357
34312
243453
243453
21309
78455
270985
129160
68919
139960
12568
265848
58976
265848
83158
95175
178469
47656
187802
20848
263713
143278
180777
52375
210262
243453
43989
265848
73533
272444
93869
47312
168895
143491
137017
166794
177516
160270
122269
243453
159167
265848
51013
143491
258755
78436
122523
260064
177516
134977
265848
265848
173084
43903
183449
12515
265848
10995
259747
135128
20848
122269
197159
275653
20848
247071
107789
81559
143491
236648
241760
127518
243453
106382
236406
172334
123724
236648
111786
84653
112789
222559
14311
122269
178469
16777
265848
107789
106382
262307
220070
249311
18781
174393
230921
135274
80348
184497
220453
106459
236118
104103
0
130489
34312
57319
149953
181647
265848
158688
122269
216530
242430
129084
191922
261393
255315
265848
123724
272444
198876
117459
161806
160412
216530
265848
25361
51013
225566
265848
123724
193089
275653
193115
11754
53937
265848
171816
161651
141105
123724
244593
38426
238333
228184
107950
122269
265848
62298
28007
265848
8602
265848
265848
135128
138982
183171
176281
135128
274652
265848
83158
243453
34173
674
190524
255492
83158
218855
143278
24595
274703
163323
129084
183786
240029
83158
222808
129084
40216
29759
88117
52375
154915
233804
59909
136626
61913
191266
263776
68779
143565
188450
178469
107950
275653
128026
219256
80375
3399
123724
145143
203711
14108
265848
29759
92873
170298
223379
94765
216421
277216
131903
254230
277216
51699
265848
184573
19936
52116
268266
255315
216604
260152
104103
272901
89197
251609
83238
157198
60167
236648
243453
258483
131164
52375
197230
177516
242156
60167
104103
265848
219256
216530
30885
78144
42108
89322
2318
146666
44172
243453
99962
104103
30940
251600
10364
59909
169903
218337
193164
236648
256728
272049
148351
23813
229920
122269
265848
236648
51013
169386
28007
140025
199870
28892
238901
178469
262307
129701
24645
135665
22627
122269
15972
180755
143491
224060
68721
252950
216558
10364
167926
131557
126141
177939
124355
83158
110885
111786
203473
212186
50521
262307
159167
112016
83236
56370
236118
272444
27497
275042
208385
4729
236648
174825
218884
159167
122269
122269
73531
68641
260059
140181
83158
15656
74991
122269
129619
186099
174387
143491
56187
181294
20848
2311
173383
50039
15602
234270
60086
157116
83158
34312
217411
243453
10364
265848
265848
175970
91352
268908
35613
131668
217891
122269
234985
213739
28626
218337
158302
265848
143491
193491
200669
265848
215010
220777
219256
235487
173383
104103
192154
164147
184256
177637
95175
85
92273
236648
173520
97247
17565
31984
224545
103126
219889
129084
52375
95872
138739
241203
107950
223116
152370
140025
193344
178063
266107
245116
262307
236648
2311
54346
140025
91368
265848
143491
265848
248208
218838
20848
265848
95175
122269
257686
30885
184938
116131
123734
258755
68641
214677
13270
107950
259436
87016
124296
171709
106382
122269
265848
177118
25024
263556
111786
49694
60652
265848
265848
83158
68641
121859
218941
181857
241814
121859
157707
20848
270224
26248
143491
27049
238901
14108
8602
122269
241430
63622
123734
277216
211057
240029
40051
121859
183627
220453
122786
209458
106382
54783
19992
259747
249311
68641
240461
265848
28794
104103
181294
5940
265848
50521
195171
106382
35474
20848
256728
265848
122269
174929
194368
265848
135128
170298
143491
234975
10364
2311
233466
261343
52267
101528
143491
176980
154915
193089
105058
277180
277216
255315
27732
243453
167223
21962
262307
92124
73531
33734
265848
265848
99812
210672
80689
196306
60167
5624
227956
219889
265848
143278
104076
225364
265848
15563
170702
257718
210079
112386
243453
69234
46573
112386
124605
122269
143491
68779
122269
112386
270522
173383
272723
135128
255315
95175
275328
106382
265848
272474
122269
260977
236118
111786
124350
145424
73757
212186
236648
115990
122269
143491
121859
272901
256728
275653
97829
241430
122269
39976
27100
107789
68208
80348
102019
74941
78071
110769
267078
265848
34457
251721
217891
80689
124034
245817
265848
262307
245817
207609
10364
252003
92617
122269
236648
72341
13281
243453
10364
262307
249311
222879
274703
274652
277216
150434
265848
95175
143491
143801
135274
90965
11087
122542
99863
10906
122269
265848
107789
2311
43357
2935
152837
266301
104103
143639
181647
144264
143639
168895
251044
127157
64378
243453
73554
152293
265512
249311
245778
88504
80348
122269
108596
95134
91368
255315
92981
25024
137457
36398
88504
259747
205634
60167
68208
265848
235487
52405
109405
27732
158302
262307
91352
10364
17679
236648
81323
167926
177516
193089
90266
20848
122269
169970
266301
106382
249446
249311
204313
245116
58910
95175
188003
129619
265848
10364
132918
245762
230092
223116
122269
34312
265848
46586
265848
6392
256728
16574
276836
129084
59909
238335
140505
241203
195171
0
79234
122269
258755
164086
243453
20848
122269
187317
28794
218337
258755
81869
248166
68208
265848
236648
52375
52375
122269
268553
120783
13270
175970
256728
265848
268978
256728
95175
234291
50494
265512
230612
83158
165640
236118
272444
241760
123734
143278
173383
23486
242206
95567
47382
52375
267242
104103
67160
223116
251390
126165
2311
122269
265848
52375
54588
68208
277216
15188
18181
272444
109385
23077
200107
220453
34312
57384
29334
56217
20848
122269
272444
204032
38099
166794
12083
73329
146028
211323
28794
184573
167926
33086
34312
2311
268179
184034
122269
263722
122269
152119
159284
262307
68208
77151
183171
265848
2311
122269
30913
143278
262307
115347
248310
100797
35613
122269
52375
265848
255364
218697
113229
256728
262307
177072
259747
45991
269886
129084
143278
53519
116935
250828
101528
262307
111970
191266
277216
20848
211929
269233
146666
125263
112386
91352
259747
137017
179686
159167
193102
25024
89928
60167
265848
91352
198135
112386
78071
122269
54136
225566
211595
78144
219820
252003
25008
107950
243805
18531
122413
252950
255492
241401
168903
60167
212194
236648
122269
68893
178469
242156
160412
26928
176723
93527
277216
61913
122269
224941
206822
14108
26046
265512
146666
236648
99275
265848
9312
236648
10364
168786
219256
141105
68779
277216
135128
72452
240926
141105
228257
265848
199870
192540
162083
215300
241917
256728
121859
122269
122269
202244
200501
256728
181647
52375
122269
245116
36851
169698
209922
112386
31657
14459
143278
265848
254454
118189
145814
97671
230938
118189
250828
89197
122269
67725
147180
129084
166794
51671
178469
264579
51363
152837
61913
265848
25024
238335
265848
15972
220453
75776
76086
35613
168895
112131
104786
44236
95175
258755
59305
263096
135128
4944
12848
17679
180694
275653
12848
20848
255315
181647
218288
200107
274703
234985
10364
259035
94714
207244
265848
68939
59909
109315
231438
237564
265848
78317
15972
42609
245116
261252
63306
34047
122269
117459
46573
74601
129084
230938
199870
259035
108316
21309
122269
78145
233585
272901
127789
265848
123734
0
140025
33963
265848
119357
106612
137017
237235
260064
113488
30329
177637
243140
122269
236118
30885
11754
114676
222463
265848
34173
91368
256728
272901
156826
100876
143491
143278
67391
30179
209971
88504
28850
14108
10999
262307
20848
0
129084
52375
238901
208385
83592
15972
55265
249311
168903
160225
124605
10364
265848
105626
88504
70023
249311
10364
98537
247568
120716
265848
239663
257534
167223
8673
265848
265848
198876
236648
207939
260064
15972
124605
193089
99217
52222
61913
114551
2039
124034
35613
265848
95175
137419
106102
61913
159432
276952
142991
205265
8673
220453
85172
272444
266946
168903
80108
104642
53770
68208
259436
152837
95175
183615
211368
265848
93869
218337
123724
137017
34312
76399
106752
112386
265848
112386
80199
260064
265848
256728
112386
63506
17679
30885
265848
55224
89197
216095
216095
177413
248593
183615
218337
159167
59909
122269
218810
219256
55116
25024
173093
122269
59909
52375
131648
110938
111786
92938
151520
243453
216530
209664
143491
34446
83158
127395
128769
265848
122269
104103
265848
229621
274703
34312
122269
219358
273090
165474
101290
265649
259675
11754
107789
263202
26098
10364
43357
5624
37328
56028
83158
104103
110215
143491
265848
46832
156490
219889
33034
270377
135128
265848
89197
14108
2039
116697
216421
68208
265848
221391
104349
268705
142991
262307
253728
73757
20848
30885
143370
272901
83158
129084
166794
107789
14108
273090
23305
221046
76767
122269
33390
215345
196657
153919
128769
129479
60167
265848
216530
214967
177413
265848
68641
45299
243453
180755
78144
265848
16777
260064
137017
28794
190686
210547
83158
270943
10364
236648
95175
124034
219256
122269
234985
256728
170043
220453
101739
93022
260064
128769
265848
154886
164195
106382
255229
236118
56646
49873
209458
27116
159167
144882
249242
210386
182185
167926
135128
106382
30885
236648
62694
265848
122269
17565
135173
153627
273178
236118
211595
262307
20848
236648
52375
168903
77090
234985
198135
177969
129511
173093
177516
220453
236648
251390
274703
83158
262307
91352
277175
123724
39976
277216
95175
265848
243453
24121
34312
111721
219256
10364
46869
257492
170298
122269
256728
246812
85519
16681
101052
20848
178469
242430
193089
72250
107950
122269
17679
35613
45654
213720
216095
186459
30329
68208
216095
72452
241203
63142
265848
265848
190686
14108
73757
29498
129084
111786
265848
265559
238801
62054
68893
83158
143491
240573
183171
68208
245116
0
189920
70928
253369
60167
236648
220453
265848
83158
207244
193087
102104
260764
200859
143278
243453
214031
193089
104103
107789
115347
237143
143639
83158
54625
196874
274703
103108
107950
57687
265848
158373
252950
23495
168903
83158
217411
178469
207609
140181
94305
122269
255315
249311
126141
179270
136626
86595
68641
275653
89322
14108
60167
172739
90086
253727
83158
83158
106664
28007
94062
265848
265848
143491
200462
68208
80348
60167
248679
33086
236118
148154
234985
122269
241760
217839
1174
29979
157537
143491
265848
48692
137308
10364
144555
122269
170435
143491
6654
249311
265848
30885
230582
42114
20848
35554
58976
212186
160469
206822
122269
17679
200107
111219
258755
104103
2311
234709
231626
68641
260977
143278
220224
124097
45654
143278
128769
20848
217411
54487
204331
116428
30885
111786
35554
60679
154168
13086
157043
236648
154677
223379
75968
143639
262307
19992
213747
143278
31110
122269
183114
207665
240968
183627
59976
7269
262307
175083
122269
10953
220453
102045
272444
61619
265848
262307
274703
110769
143491
168895
175030
122269
143639
8637
221289
10364
239425
122269
64560
70023
265848
13438
18531
216530
50182
52375
173093
164147
113411
32642
15656
179238
228904
73757
159284
34312
234215
201952
15972
135128
3037
217891
166794
143491
41866
62271
243453
275653
104103
175030
266713
265848
76783
83158
114027
236648
19564
80348
34312
102019
265848
265848
175353
122269
