83236
182612
87065
176894
265848
148128
143278
173383
265848
143278
143491
265848
180024
56552
101297
226960
12145
272901
122269
166794
20848
275653
167223
265848
267576
236118
155451
236648
269886
102183
9031
219256
263753
173383
91352
222131
140025
30329
220952
236648
64560
265848
236648
83158
218288
193089
265848
80689
122269
7257
33856
143278
27803
131006
16043
105814
2311
277216
222879
162083
80348
135735
25024
219256
122269
200107
116935
167926
193089
216937
59039
160225
264579
87179
59309
172393
266107
243453
122269
197230
192831
143491
143491
148455
4729
234985
128769
265848
161388
143491
27803
17096
236648
236648
264579
264579
265848
265848
143491
171307
265848
209953
265848
9847
213325
265848
135274
148850
94208
265848
269211
213325
234985
20848
17096
265848
264579
10364
218337
204777
163720
122269
230582
248679
245005
258607
193089
158703
194907
263797
196023
162052
273178
180024
148128
178469
265848
264579
265848
211668
176931
237818
144961
193089
59309
20848
122269
58954
83158
35866
107789
265848
193089
265848
258607
122269
236648
265848
80348
265848
20848
266946
122269
122269
20848
172393
265848
232919
2311
277216
122269
236648
117459
77269
254741
201758
70829
124605
167223
28615
167065
140025
234147
204032
143491
13535
236648
236648
264579
104103
68641
167223
204777
8602
137812
137017
126141
260064
167926
54783
264579
137114
64941
122269
122269
172648
234985
140181
85122
20848
128769
143278
265848
78455
243453
219069
264579
20848
230582
264579
68641
168895
143278
265848
265848
264579
19522
219256
120560
106612
143491
216530
217411
140025
265848
80348
252837
235487
122719
143491
122269
87842
145369
73531
241214
265848
265848
251583
210371
272071
264579
134662
146028
204032
265848
124605
191266
91401
20848
236648
170296
89197
274927
53680
219256
52375
265848
122269
219256
143278
22756
0
216530
80548
129736
264579
239663
122523
20848
129084
52375
5318
110769
228933
80689
68641
91368
177413
110234
9168
2311
107460
143278
148128
122269
18569
192540
143491
143278
122269
111970
219256
158373
236118
188744
273178
232919
82406
164333
36398
28615
265848
70535
83158
95941
216530
264579
34312
143491
265848
264579
91352
169842
264579
217411
35613
96332
59909
173383
263722
60167
20848
67210
20848
240029
115990
115990
265848
265848
275653
247854
236648
54944
98842
249311
245116
28615
142934
91401
265848
36982
209769
122269
265848
20848
228657
265848
83184
34312
16574
143491
188562
131668
21309
143278
236648
226913
155494
265848
246395
18531
142424
201988
97829
107789
236648
249242
265848
98451
92062
224941
24848
245714
37328
264579
234985
28007
137726
265848
265848
122269
265848
178469
259299
9121
143491
265848
107153
13270
166400
20848
137812
265848
10364
262240
140025
9490
234985
115990
73757
150409
83158
183627
8602
210386
200462
87179
139960
177516
204032
143278
69194
83158
222608
188744
243453
245778
35613
130404
159432
199519
177413
9031
197268
43082
231429
163073
143278
189050
246779
269886
91368
171709
245116
118549
91260
264579
176931
20848
168903
265848
143278
10364
46869
49118
12568
197268
181647
189013
113551
239018
30913
183627
177969
59909
215446
125904
52375
68641
254741
265848
228709
267576
265848
80348
265848
80590
195171
18531
242032
212194
111786
2311
236648
204032
64853
217471
102019
83592
243453
241714
203307
265848
243453
122269
147204
120040
91266
73531
265848
161954
75659
21309
234147
104103
54783
20848
212465
74991
210386
177413
117551
178469
241155
122269
34312
195089
120747
0
180024
166586
136372
56552
214031
148823
80348
168903
249609
234147
118232
167926
140025
10364
156490
170146
195171
236648
272444
208319
169569
264579
166197
27803
107950
20848
30913
4824
118189
124605
245116
14008
30913
219256
83592
264579
209458
269123
265848
245569
241497
265848
113488
59039
191922
222250
265848
80348
34312
78120
68641
135028
264579
265848
64347
45285
49694
34312
265848
16574
166400
265848
192313
236118
191266
80348
122269
251421
273178
229226
275653
83158
245685
92938
266552
179593
265848
73531
143491
167955
31774
172393
31123
7257
143278
27146
222608
269123
219256
233354
33975
244568
22466
162083
118232
6343
13535
31515
157132
60167
1174
265848
18531
91352
236701
264579
114551
129084
180024
94208
201752
101297
265848
140025
170296
20848
236648
2311
150036
210386
160757
111786
68608
28007
166400
129084
95567
143278
129084
60167
11366
245762
118189
8602
198602
12145
23495
258755
109136
62769
73755
249242
184034
204260
264579
236648
217411
35866
143278
265848
74092
27803
20848
92228
83158
149127
10364
178999
143491
34173
59349
274618
110079
245116
264579
73582
143491
39630
112325
160225
84040
177413
100825
148128
208807
143491
265848
27803
62460
265848
9490
20848
166400
239202
265848
181647
73531
60167
62541
170809
80348
81633
10364
124311
31657
199870
10364
18749
173383
277216
46832
265848
80348
222244
201988
265848
81633
140025
172087
203711
123724
123916
14108
273778
112131
275653
272444
218810
265848
265848
73938
112131
64066
271416
98852
265848
265848
224941
183627
154799
265848
35866
245685
236648
265848
149974
83158
265848
259436
167065
204777
212217
167065
122269
111786
68208
265848
178469
277216
179604
68208
219256
20848
236648
254780
249311
112364
166794
164147
183627
60167
122269
253923
11169
107789
46869
143491
20848
14114
245762
245569
253369
219256
143491
218337
265848
20848
219256
78144
178
249311
264579
264579
143278
204260
119882
264579
168903
157132
245762
167926
241760
243453
265848
99812
68608
136452
68641
265848
272525
255409
20251
238713
158703
147080
122269
236648
35613
70829
123734
143491
21309
236648
268130
264579
83158
264579
83158
188744
213747
148128
199872
117225
19522
166400
143278
265848
80348
106612
191266
216335
199872
83158
79452
163844
45013
35056
100876
236648
135274
242156
143278
107789
265848
186315
140025
10364
265848
54446
164063
124682
168438
64378
219069
122269
241714
260064
20848
20848
83592
123734
213747
265848
122269
83158
173383
159432
122269
158133
26847
245116
267232
265848
264579
140025
155437
122269
166400
2311
122269
20848
191266
154168
207783
236648
1705
80348
216604
89762
79063
258607
60927
89119
218117
196023
219358
72225
189834
240461
106612
161024
265848
118189
258755
265848
114929
177413
49029
114551
146580
272444
231429
168903
232840
104501
204032
167223
20848
198963
172393
264579
265848
107709
143491
264579
152837
172995
15972
52375
117555
228904
219256
20848
168567
119148
277216
220925
10364
216530
2311
264579
12848
190036
63906
81633
265848
119882
232777
164813
236648
122269
131076
189834
251421
253369
91401
18531
80348
10364
10364
46869
264579
175970
225382
192313
53680
159167
235961
222879
265848
265848
124034
143491
146275
62460
140025
272071
167926
70270
20848
122269
177516
43827
34312
256445
143278
180024
236648
217411
265848
111786
265848
128769
188744
265848
104103
142098
230313
37328
242156
264925
21309
143491
186736
209754
91368
162083
277216
122269
264579
122269
68855
20848
12568
117459
80590
63315
272444
241497
80348
276143
177637
219700
54783
131436
264579
20848
265848
236648
194846
265848
220453
265848
236118
31193
199639
272444
167926
265848
143278
198963
17096
264579
265848
117459
265848
186099
20848
86093
259436
122269
124034
264579
170296
218337
277216
234985
265848
83592
219256
241497
265848
178469
252242
205765
138206
20848
90365
159167
256728
247100
59568
213814
226960
265848
91401
67078
49186
188744
167065
265848
122269
259747
209953
209293
204777
266644
135274
247333
90690
181647
140025
26248
127518
143278
2311
219256
236118
20848
107950
11169
20848
161806
265848
186356
107950
236648
196306
152837
270020
139960
122269
41733
272444
83158
243453
259747
264579
34173
143278
128769
264579
34312
75107
189013
215158
122269
166794
11169
265848
102640
12848
241530
129084
236648
33047
177413
187106
265848
265848
103014
68641
239447
161348
68641
98842
265848
258268
10364
265848
122269
253500
166794
276128
28007
265848
189013
10364
184034
170809
272525
25024
135932
139321
73531
89197
183114
275653
267670
235487
265848
267032
216530
265848
128769
255711
219256
265848
20848
177516
234215
129084
12145
265848
110769
265848
143491
230938
16795
265848
126356
18741
176723
157132
23813
265848
161937
123724
80348
236648
20848
180510
21309
179446
169842
181647
269123
264579
34312
99637
159167
263722
143278
236648
91352
88117
157132
236118
27803
129084
265848
107950
64066
211668
68641
122269
204032
209195
194993
266644
172739
236118
277216
207244
143370
203307
129084
236648
241430
264579
161969
210386
49179
17096
264579
39844
199870
275653
265848
190893
258755
117459
238870
87065
8602
191266
220755
122269
160051
226575
233268
25024
251357
4880
173383
265848
54783
28007
178469
174825
265848
233026
212217
83158
12568
264579
143491
248166
236648
196306
265848
220815
243453
249446
265848
235487
272444
168903
14114
258755
245685
10364
180346
158703
83158
236648
100876
264579
127106
200402
256728
1174
14108
264579
195171
83158
137872
159167
238015
20848
139960
184497
53680
249311
161348
20848
218337
178469
140025
70270
165367
83158
143278
68208
68208
73531
163720
265848
20848
236648
24645
167926
170809
119148
143278
122269
11482
104103
249445
170181
258129
147080
60167
242156
222608
178469
130032
265848
265848
226208
144882
65299
19522
191266
91352
204777
80590
249311
75107
12568
10007
143491
184312
276709
125716
266139
105810
140181
122269
236648
236648
107789
262240
204032
234985
12145
83592
20848
128769
191922
264579
242282
177890
196657
73531
140181
52375
91401
20848
264579
265848
59909
47373
177637
207665
199639
131006
122269
11366
9490
259747
265848
20848
129736
265848
83158
228709
148128
26046
83158
20848
261488
264579
60167
121859
167926
128769
222244
73531
50521
265671
143491
108459
265848
124605
25008
265848
275653
61293
113380
191266
178469
265848
143491
83158
272444
236648
7257
91368
219670
34692
219256
265848
80199
110769
122269
91352
215446
22198
78455
261393
106612
59309
119613
219256
208453
111786
61619
254230
122269
23813
178469
115990
128769
20848
188744
257352
91401
199872
90365
270020
148455
209953
81323
177516
122269
265848
197268
129084
83158
275653
265848
136626
122269
63855
104103
99643
180852
123724
9598
264579
90365
193596
180002
87016
127977
105814
89197
115990
236118
148480
20848
269658
177413
128769
107789
264579
223276
20848
179593
265848
122269
140181
241760
0
177890
110769
68855
120747
54783
205765
34312
81633
2311
20848
128556
198876
20848
48228
83592
247502
132918
30913
127463
269886
173383
228904
264579
265848
111786
43082
256728
227386
60167
159293
264579
129084
122269
265848
10364
140181
10364
80456
31657
123724
143278
168903
265848
73531
264579
240461
265858
265848
122269
265848
210386
158703
192831
212194
216335
93099
137474
123734
272901
243453
143278
107789
265848
272444
20848
236648
20848
23813
143491
64066
106516
272444
102019
98281
33734
266301
137726
83158
215256
204777
131006
236118
137872
216530
249311
129084
147080
122719
20848
143278
111882
265848
188744
245116
117459
168903
25008
25024
35056
209953
102183
8712
257690
128769
119287
20848
199639
187802
246779
265848
226960
102245
152248
204777
143639
68641
265848
265848
189620
258755
89322
52375
107950
263722
122269
148128
143278
179321
148128
265848
236648
129084
84533
143278
23817
200107
249311
83158
11366
98292
34312
193089
265848
267670
275042
265848
231429
122269
89197
163427
220453
248696
252003
189013
20848
8602
173383
20848
27803
137872
23813
265848
71391
265848
140025
52405
157132
143491
135156
166786
20751
20848
264579
68641
265848
107789
254230
10364
236118
29423
122269
81559
245116
76995
20848
122269
264579
236648
136626
20848
234985
272901
110769
83158
206492
83158
59309
116790
56894
83158
155320
28007
31657
123724
138206
258268
0
186512
234147
129084
264579
87065
196306
68208
258819
265848
34312
155451
261393
79753
135041
199872
36976
140025
236648
143278
122269
90365
274369
51013
260064
102183
161969
21309
195089
20848
144882
107950
229809
152248
236963
83158
201752
260064
28007
249311
193232
227551
41733
265848
117459
23813
101297
137866
135028
143278
20848
126298
128769
272444
247502
256445
275653
137872
236648
157132
199034
28615
265848
59909
105814
177637
219256
176931
34312
180510
229809
178469
209503
128792
199769
83158
95660
242156
265848
236648
168903
121859
143278
54783
107789
46832
243453
83592
134662
110769
56646
122269
226960
265848
236648
236118
106052
234985
78281
177516
207244
134662
56552
13270
116512
205854
11366
277216
14114
28007
265848
143278
123423
197230
129084
205873
265848
231429
20848
168903
20848
20848
83158
143491
177118
128769
130804
121822
175083
14108
159167
108459
258755
78714
263722
127463
11700
83158
91352
236648
268262
236495
173383
143278
21962
143491
176931
219256
236648
115895
265848
18741
264579
236118
230433
158706
265848
39994
59689
13362
260064
258607
130661
168903
272444
83158
265671
14108
83158
39844
249445
83158
124679
149127
204777
0
161530
143491
35056
224941
277216
83158
137017
128769
140025
103406
193596
122269
265848
122523
20848
78120
272490
272901
253130
98606
49603
29423
161953
83158
264579
259752
10364
193089
249311
265848
265848
265848
83158
210386
26248
258755
264579
179926
151989
222463
9847
139321
216421
167996
122269
91401
52375
146580
232782
196023
173383
21309
268664
122269
147080
70829
191266
53246
137017
216049
169903
226960
106459
259436
203711
70829
272444
105058
178623
265848
6946
18531
41479
20848
122269
42080
144882
263797
9873
122269
12491
265848
265848
143491
131810
210386
199872
14108
263722
59309
272901
236648
83158
249311
128769
122269
159432
123508
143491
194846
178469
265848
114551
249311
245685
139960
256728
68641
264579
137726
249311
265848
265848
264579
72208
209971
232627
264579
111786
107789
91401
272444
25726
230582
265848
143491
204164
134662
124912
261728
181647
199872
169842
10364
236118
200527
104103
250828
52375
70270
65419
163175
137017
265848
68641
45285
265848
122269
2311
10007
14108
191266
129197
215158
28615
20848
265848
122269
173383
201752
211715
18531
264579
140634
120873
14114
107789
122269
126724
91368
220727
143491
257986
30847
193843
81633
129084
90690
204032
129736
129084
143278
83158
148128
122719
265848
106459
211668
265848
135274
23813
36488
110769
20848
51851
265848
122269
173281
228624
247151
110769
265848
216530
135041
259436
17096
166400
73938
264579
148128
138206
20848
166794
218481
216335
265848
55734
28007
92736
249311
23813
122269
265848
137114
264579
39996
43082
107789
11169
265848
140025
52375
21796
161080
2906
236648
173383
116854
204139
264579
11700
170043
265848
258607
265848
212186
238015
78523
236648
135665
152837
265848
72208
143491
154799
181647
265848
200527
236648
20848
122269
10364
59568
266823
236495
232919
211715
244207
137872
22756
143491
265848
265848
264579
265848
158373
268007
27205
17005
12568
264579
162237
265848
234985
73531
50521
265848
245685
212217
152837
170746
143491
264579
222879
68208
23817
150802
265848
271446
259436
201758
137726
15972
83158
135274
267903
208463
137872
215256
68636
251729
199870
266644
83592
159432
245116
183627
49960
234985
53750
122269
135665
2311
85519
143491
91352
18569
28007
86093
272444
265848
213424
204445
20848
265848
32092
114551
274212
184573
113411
265848
259436
264579
11169
219256
178469
199639
260082
264579
109373
265848
220801
68208
110584
20848
2311
84445
143491
275653
236118
143491
245762
180024
217140
83158
193089
265848
179446
75659
17710
267576
148573
34312
152248
124355
191266
122269
123734
122269
140025
141021
20848
64681
225382
122269
265848
42108
158373
28007
146028
265848
265848
98831
110849
210386
191266
231441
152075
266139
40607
168903
83158
38088
169903
144882
131006
275653
82753
109796
178469
171566
166794
20848
265858
224941
224068
143278
50414
265848
120747
235689
137017
33688
207842
137017
265848
92756
216937
105029
170298
260367
59563
224941
126233
34173
166525
2311
258607
107950
122269
29498
37328
264579
25171
268130
7257
265848
265848
211668
88971
210386
249311
59309
249311
183305
216604
265848
235448
114551
265848
216530
206512
265848
265848
68641
265848
143278
9121
265848
70829
146028
264579
265848
75972
194907
180402
208429
123170
54783
2311
104103
269144
204777
265848
272444
208429
266644
186414
20848
91352
264579
208819
236648
105814
265848
143278
265848
83158
34312
208819
141105
268007
213325
111786
226960
265848
197268
83158
265848
179629
264579
218288
210386
128769
143278
143278
169698
236648
20848
68641
102019
83158
59689
272444
143491
190847
68608
148850
77378
143491
111882
143278
204638
236118
60167
143491
20848
10247
51129
166400
180024
152837
40607
232919
83048
34173
160225
265848
204139
122269
173383
265848
264579
227386
236118
191266
140634
129084
265848
35381
225566
131006
143491
235856
178469
124605
10007
215793
265848
83158
129084
236118
122269
235020
265848
205228
204032
93099
192313
274283
258129
28615
197268
105814
122269
236648
232767
10364
209754
20848
208199
16795
59909
129084
259436
20848
16992
164147
271324
34312
166400
216421
31193
68641
122269
20848
2412
179593
114551
265848
96187
107789
272901
238161
265848
39996
10364
142991
16574
140025
270972
265848
195089
265848
129084
124355
197755
236118
210676
34312
189013
122269
265848
2311
107789
83158
25171
177516
104103
264579
148128
273709
224545
154324
193232
115990
5318
263722
161348
214031
206492
243034
52375
94283
31657
152119
113380
117459
232840
210079
272444
83158
25171
273351
10364
34312
199872
179982
14379
264579
126356
264579
264579
60167
84040
83592
217411
162562
143491
124296
265848
192831
168403
209953
168786
172393
122269
129084
184034
128769
143491
119287
117459
28007
196023
11366
117551
44175
115980
195171
102183
107789
177118
52116
20848
132918
181647
217411
250828
134525
272444
188744
173383
73531
96332
163175
128769
122269
83158
10364
141021
208199
143491
143327
10247
143491
70270
74432
140025
123724
68641
265848
143491
143491
27803
110620
236648
25024
193089
180024
34312
122269
111882
31585
116935
140025
208819
143278
265848
175036
11366
265848
30179
272444
265848
199872
216530
236118
168903
258755
122269
101425
261393
248166
265848
135083
10364
236118
109373
216530
106459
258607
123423
172995
148573
94252
268663
73531
168903
188064
174598
23813
269660
236118
9490
52375
137114
236648
265848
236648
11700
83158
189834
272901
20848
265848
183627
226960
245685
175196
178469
172739
148128
177516
239663
171783
143491
122269
20848
265848
240522
110584
166794
264579
161969
272444
143491
129833
100876
256728
89197
256728
140025
260764
172070
171460
96332
56894
211715
231429
21309
95941
258268
226960
252013
274652
99643
73501
135932
243453
188744
91352
103681
246568
243453
143278
184497
134662
73531
143491
272444
158703
59309
122269
238161
201752
205233
58007
220815
228961
143491
17406
122269
209953
151143
201752
192717
129084
129084
2311
27205
217411
89197
265848
143491
105885
143491
207665
101297
128792
68208
125716
255558
210079
183171
265848
265848
236648
252093
60167
249311
181607
118189
35613
265848
44348
199639
180755
140025
20848
265848
129084
20848
129084
35866
23813
238870
213325
25171
106052
104103
170043
264579
231429
264579
265848
122269
152911
242156
84577
83158
154171
147877
149040
20751
118189
23813
159167
259769
230582
104103
236648
163175
265848
136626
23813
230635
83158
39996
272444
83158
264579
143278
272901
235144
272444
228482
213325
174825
236118
181647
77674
115411
144882
60086
103681
206949
265848
158373
141105
122269
115990
122269
140025
173383
245116
102263
167926
180402
143278
28007
68641
73307
259436
49179
153869
174114
264579
181647
143491
269658
137866
277216
254307
166400
77151
272444
20848
255160
175970
73582
16501
20848
107789
269886
197268
122269
234709
163720
197268
193089
21309
143491
205228
208819
46869
9559
264579
265848
177890
265848
60167
265848
264579
110769
128769
236118
56027
265848
122269
14108
265848
234985
49526
143278
265848
83752
83158
94283
12166
243453
274652
251729
42108
64378
20848
87450
122269
141687
143327
146760
264579
113488
271933
122042
103117
17096
232782
239663
172739
14108
127463
73531
80590
20848
170809
238583
177890
20848
122269
265848
131648
265848
68641
28007
231429
129084
29498
53514
178469
272444
170181
131648
20848
191266
47676
241401
212217
64853
258755
191266
175083
21486
188744
2868
189013
137017
274652
143278
147204
15745
188744
236648
265848
174100
154419
14114
248696
54783
194127
168403
68208
271404
122269
34312
70270
117225
220453
20848
258607
18749
80847
170296
150407
46869
191266
177516
26248
104103
224941
11700
99643
177516
210105
191266
178469
172393
122269
216095
83158
122269
152248
176723
271333
73531
236648
236648
143491
234985
46832
68641
47676
275653
34312
26222
83158
53050
83592
11366
60167
264579
207244
60167
20848
220453
13270
178469
95887
127106
223379
211929
265848
143278
80348
148573
21309
141339
148128
176723
243453
12568
226575
267301
128769
137726
123724
142891
126495
265848
225566
75659
9263
256728
148455
208534
265848
45285
116577
215446
68641
122269
148128
265848
89197
199872
257690
265848
70270
204139
241401
230938
177037
107789
265848
170298
256728
249311
235144
272444
143491
265848
259436
68208
10364
10364
193102
236648
264579
265848
80847
264579
258607
242156
121890
122269
122269
77163
10364
199639
11700
122523
218810
117459
143217
236118
170296
253923
240461
220453
271474
122269
146028
128769
122269
190847
239018
192717
140181
249445
162052
137872
258182
35613
143491
83158
54616
204777
266139
264579
265848
136626
236648
59039
117092
68208
236118
46869
137114
70829
201752
258755
273351
55116
11366
68641
143491
167926
250427
265848
143491
236648
216530
112789
137381
60790
144047
16574
151159
247603
73531
265848
54205
265848
79085
226208
122269
258607
56533
14634
80847
121118
265848
123916
184312
264579
244971
83158
265848
80280
194846
107789
217411
204032
219256
265848
85872
265848
140025
256728
266264
129084
68208
207018
58801
86825
275653
158703
25024
265848
209953
193037
143491
144555
19522
108990
31515
45013
185664
67210
152248
34312
176961
32092
122269
9847
27803
242156
78144
67210
59568
10524
160225
52375
246617
264579
66023
10364
68208
129084
231429
83158
237829
234985
16574
265848
216530
265848
59689
88992
184034
204777
177969
216209
162083
197268
217411
148128
2311
140025
201752
143491
242156
264579
14311
149974
14108
74272
26222
129084
34312
17096
272444
191266
264579
91401
264579
122269
198906
148128
122269
182115
56894
143278
121859
192831
85872
265848
121859
177637
162083
269886
167996
20848
261393
215793
137726
19522
68636
122269
122269
34312
205765
62769
167065
27205
174114
236118
27803
59909
68641
177413
234147
89197
81633
265848
230433
265848
236118
132918
98451
20848
68641
18531
127518
96332
173144
94765
23813
265848
259436
85
89197
83158
272444
74432
165277
126141
20848
52375
2983
6120
245116
243453
179560
264579
262240
20848
218788
242911
178469
129084
193089
265848
148128
212194
20848
137017
266301
265848
236118
256728
264579
197268
241497
122269
38088
119882
30847
10007
224941
20848
129084
59309
135665
197004
68636
122269
83158
236648
27803
167223
100035
91368
199872
177516
216530
68208
123734
122269
28028
173084
95887
80590
28007
265848
20848
31190
64853
236648
143491
242911
127463
269886
143278
148128
13270
177037
216530
143278
189834
271933
60167
207665
216530
183114
224941
100876
122269
128769
68208
11366
265848
193232
122269
141784
31657
124296
70270
170296
59909
170296
265848
265848
265848
80348
97642
265848
143278
64066
162129
73531
234709
253923
127977
265848
242156
89322
104103
128769
102263
243453
209458
87065
140195
123734
110769
10364
2294
188744
217988
265848
143278
234709
68641
123724
218810
236648
213747
34312
265848
160225
181647
239314
122269
22466
193596
236648
264579
169842
21309
27732
14379
84253
150802
49352
135274
117459
122269
167926
13270
22383
143327
265848
222131
224941
179593
113488
102263
265848
274369
83158
222879
206325
65371
243453
189781
99643
135274
176931
128556
80348
236118
143278
149127
104103
80548
20848
272444
59976
193089
196023
177413
202481
149638
236118
226960
240461
18531
10364
236648
265848
13060
79085
258607
17
18741
111786
105814
105814
265848
265848
265848
265848
208199
10364
63855
161530
148657
135274
236118
111117
107789
230938
212186
169842
171783
68755
168438
161348
2868
27803
122269
91368
93689
34312
21309
152248
122523
80152
242156
89197
140025
199872
217891
265671
143278
30329
240246
122269
236648
236389
28007
177890
8602
143491
91352
143491
144555
157132
60167
35866
61708
272342
95345
167926
0
140181
265848
46966
265848
154324
265848
14108
222127
265848
77702
13535
77610
80348
199870
236648
203307
31585
20848
265848
243601
2868
43357
135274
15972
113441
235856
35417
275653
31657
191266
91352
240461
134662
148657
187317
104103
277216
73531
12306
214245
243453
208819
209458
95345
135274
15656
209458
87187
193164
135274
91368
236648
129084
131006
265848
259436
129084
158133
224576
70270
92938
117459
143278
50521
197004
257690
122269
235856
216530
123734
100757
219820
52375
265848
50039
216530
7617
273178
68641
22756
91368
236648
84043
80337
266301
217411
148128
83158
111882
264579
143278
234147
31642
9558
211715
154915
219358
60167
264579
34312
277216
265848
143491
240029
193102
131557
152075
68641
66755
11169
143491
169698
106459
129084
265848
140025
89762
264579
10364
94506
20848
265848
63040
134662
20848
167065
22729
258607
172850
123073
27803
173383
224941
224941
178970
0
265848
148128
59568
236648
265848
272444
20848
118232
209953
122269
277216
161348
63323
20848
180402
265848
228482
143278
220888
148455
123724
60167
226208
274652
89197
265848
143278
30913
148128
265848
258755
91401
216095
183171
247333
95269
264579
104103
238870
35613
259747
15972
73531
17399
191266
20848
110769
166794
103117
168903
265848
232767
178999
152837
126298
73531
118055
173383
231429
122269
20848
140025
224941
129084
130404
44066
178469
179959
25024
85
109306
6343
264579
73969
258129
17096
256728
111786
265848
265848
266139
79063
228904
226960
20848
176723
265848
210386
22383
166794
253369
20848
236118
149040
143491
255409
210079
272444
168903
131006
234985
143278
265848
80847
265848
261998
34312
138689
265848
143491
274652
236648
264579
252242
83158
64066
272444
124355
204777
264579
122269
267706
162083
20848
137114
191266
73531
265848
258607
143327
230582
30913
148128
145814
114551
243453
217891
127977
218788
5627
13270
143278
186099
54388
230582
68636
234709
12151
129084
118189
207665
122269
177637
122269
176723
52375
27803
265848
122269
265848
136372
171709
209953
104518
199870
123734
198876
674
178469
74571
275653
83158
78120
162237
135156
150222
143491
264579
265848
122269
11700
275653
142098
0
167065
90365
123724
234985
249311
265848
137726
268007
266139
243453
0
44348
265848
239663
44066
95567
50521
122269
80590
212680
34312
129084
103420
143278
172610
118189
83592
674
243453
147080
135932
124682
59909
17255
254230
73531
20848
129084
242156
124355
166016
207999
258129
30329
20848
139321
30913
265848
108114
236648
176931
217988
216530
0
148128
271933
79882
229621
265848
148850
139321
241147
212217
201318
209953
128769
236118
49826
160225
154324
236648
243088
153484
140025
147440
28007
243453
26248
46832
127106
68641
152837
236648
26248
216209
41715
107950
1174
13270
34312
264579
143278
231429
70270
265848
24645
129084
219256
264579
258607
145641
21309
265848
234029
235961
265848
111788
166794
143278
251346
57319
148128
236648
236648
164147
265848
248146
265351
54487
108459
16574
259436
137017
231255
272444
220777
249311
264579
143327
143278
20848
194907
241650
134662
122269
161080
167926
277216
260059
204032
259413
150802
13270
31193
265848
265848
191922
2311
271404
259436
259436
236118
8602
235961
265848
201758
265848
264579
195171
265848
141339
136626
63906
128769
26222
7257
265848
20848
20848
51013
218288
249311
236648
264579
258607
143491
104103
158703
243034
2294
264579
176723
183627
141021
128769
236648
217140
79882
128769
212680
189834
265848
68641
22383
68641
158706
249311
78120
137872
182115
205854
143278
240246
137017
143565
68641
128769
26248
265848
265848
226575
28007
18531
265848
20848
158321
231429
98831
182510
21309
78120
0
247151
129084
171709
6946
23813
54487
236648
265848
159167
20848
265848
143491
143491
68641
68641
175083
61293
259436
265848
134662
265848
60167
237179
275975
268978
249303
83158
243453
211668
14108
107797
62769
9847
271446
275653
10364
230635
180510
122269
232919
122269
0
224674
68208
194127
20848
265848
33737
209330
73531
21309
73531
10364
236648
161806
243453
18531
127157
272444
236648
20848
142211
27803
265848
175043
214031
79273
277216
71010
122269
205233
209953
190686
13270
204777
83158
146580
55007
209458
51129
60167
217411
176682
20848
20848
18569
220453
266107
83592
253130
245699
129084
232919
194127
265848
242430
83158
158373
24806
178667
265848
128769
245762
81740
117225
265848
168903
20848
16574
73307
10364
122269
161969
73531
23813
187489
129084
194796
176723
211715
204247
269886
68641
143491
236648
168903
191266
60167
195171
146698
235487
191266
252827
265848
35613
24268
265848
231429
265848
122269
6517
137017
32092
264579
122269
143491
77163
83158
172739
60167
65299
122269
264579
110584
20848
100035
148850
10364
20848
124605
20848
122269
129084
236648
20848
87450
265848
219820
24410
232970
22383
177516
53680
83158
70270
131668
216530
34312
146698
226208
30913
265848
195810
173383
261242
234985
65499
173383
167926
277216
143491
264579
2311
68641
14114
236648
265848
177413
20848
218810
166400
1174
20848
172393
210386
128769
187301
213325
25008
265848
22964
34312
148128
130032
143491
122269
265848
249311
73582
176723
183627
68636
104103
70535
229809
143278
20848
262093
265848
219256
167065
236648
264579
264579
129084
68641
120560
144555
233268
231429
264579
267032
265848
56244
265848
241760
3590
265848
11700
26248
152837
50521
272444
272444
55007
123734
20848
77674
39976
143491
100156
135142
75659
77420
167099
236648
108990
235961
68208
178999
179593
46586
166165
128769
38088
236118
9490
123724
241760
10800
232919
205854
52375
153869
154168
20848
204777
68641
2311
139960
140394
111882
173383
107789
34312
274544
140025
265848
256728
198602
249445
199872
219256
35866
265848
224477
105814
114826
265848
96690
143491
265848
4824
186736
264579
122269
73531
92827
73531
265848
176931
34312
143491
11366
118232
83158
25024
102019
236648
258607
122269
265848
260430
46966
272444
81633
128769
20848
123734
129084
68208
53514
73582
236648
264579
160225
236648
173383
122269
277216
117459
265848
117459
265848
28007
20848
115347
264579
122269
135932
258332
272444
122269
120040
265848
140025
68208
141030
265848
211715
207665
9490
143278
265848
261393
213325
114826
265848
213325
152911
177516
42498
20848
20848
140025
265848
246583
143491
193164
26248
107789
11366
165474
243453
142098
143491
188744
118189
33400
236118
276396
264579
20848
235856
95345
14379
2311
191266
275653
204032
236648
265848
220453
1174
81633
143491
219069
45233
234985
116854
52375
216530
147204
20387
148128
20848
272444
131006
254307
14108
15947
129084
213325
249311
209458
256728
242156
46869
216364
191266
166400
203779
277216
79063
122523
144555
122269
122269
83158
162083
148128
171566
25171
178469
211715
137017
265848
236648
59689
234985
259436
26248
264579
55007
238870
137017
167955
104575
131076
110769
104103
73531
214009
22383
249445
73582
10907
209953
60167
238880
265848
85
231429
20848
13270
265848
168360
17096
105058
265858
31657
265848
265848
143278
65813
20848
211715
126141
265848
249311
178469
196657
67208
265848
122269
113488
39976
178469
236118
143491
233727
192831
108990
236648
23813
265848
169584
122269
177516
247461
205854
177516
265848
14108
143278
183114
71219
78455
68641
191266
273604
1525
122269
245116
168903
155442
258755
20848
191922
164333
122269
171709
168903
265848
211668
178469
140025
143491
105814
203404
265848
43357
211715
101823
11366
15745
265848
119287
251729
45169
134662
129084
241760
265848
20848
217988
171527
159293
122269
104103
265848
265848
231828
83158
143278
27803
265848
265848
264579
143327
232877
187317
83158
184034
96295
187647
106459
234985
236648
56728
264579
188744
73531
23813
231429
66755
255409
20848
183114
265848
17565
242156
269658
158133
102052
168533
196023
167926
15972
236648
160312
269123
122269
52405
80348
27803
265848
27803
265671
99643
20848
46869
162083
122269
20848
269886
265848
122269
175970
174830
20848
266946
275653
116249
216421
238801
265848
128769
68641
265848
210079
131668
143278
23813
83158
90857
249311
24437
10524
232627
264579
236198
137017
265848
83158
68636
83592
265848
74092
26248
20848
122269
148128
191266
2311
266301
244620
265848
123734
265848
249311
63323
122269
14108
63711
172850
20848
88903
15972
102263
122269
207665
121822
105478
79063
277216
102183
20583
212094
46869
265848
199870
129084
178469
173084
265848
85211
123916
124296
265848
51013
265848
100120
102389
256728
122777
264579
185967
158703
104103
122777
81633
185664
91401
113411
253466
201752
83158
143278
263722
208819
110769
122269
265848
272444
222127
14108
191266
197230
216530
80348
61950
211929
184034
51129
207244
135274
199872
266644
12306
259436
179446
9490
265848
134662
63913
69072
39996
104518
259436
140634
235487
154386
236118
134985
20848
265848
158703
264579
17096
122269
236648
68208
219256
122269
34312
158703
15972
189620
226960
265848
224903
56027
175970
159012
122269
163871
264579
265848
68208
102263
236648
91368
218337
239689
20848
143278
107950
249446
230433
83158
130661
265848
129084
193232
176931
272444
17096
172070
174598
15413
99436
265848
129084
10364
78760
107789
105814
173383
11700
34312
80348
34312
182032
83158
45128
20848
27803
265848
126397
10364
201988
256728
264579
254569
236648
124097
167540
83158
34173
241714
208819
260401
106102
148128
264579
143278
166400
0
143491
189013
264579
264579
70145
164147
104103
265848
201752
234985
94208
68755
35062
236118
277216
95345
54388
272901
74092
49378
226208
18741
182532
143491
213499
34312
122269
9558
2311
236648
107789
236118
265848
143491
164063
122269
131006
20848
143491
134662
49913
155104
183627
188744
265848
193089
143491
197642
265848
122269
235487
114551
134662
115411
10007
155408
102389
139321
148480
204777
265848
10364
73531
146028
209458
265848
272444
265848
155104
77269
119862
27803
60167
10364
177516
265848
21309
122269
143278
265848
74149
174114
196023
204032
129084
236648
189834
236648
264579
143491
225566
191266
197250
130489
209953
258755
122269
110002
161969
234985
202741
180510
50521
262558
19522
246568
231429
5318
83693
51013
140025
245685
122269
189013
157132
232919
27803
151429
10364
231429
122269
200107
265848
12568
255409
201752
217988
28007
209953
117225
265848
171709
140181
25171
264579
232782
65813
191922
87065
243034
53301
83158
91352
224068
216530
89322
107789
188744
65351
197268
83158
109036
28007
183627
107789
219069
34312
259675
172028
272444
213484
214146
20848
63906
265848
146497
268007
265848
148128
91352
162878
265848
274618
235856
20848
20848
126141
265848
129084
224941
8821
168868
168903
143491
234709
73268
265848
199870
91352
8602
34312
20848
243453
143278
31193
258607
20848
112789
268007
59309
130804
211032
174114
236648
136761
213325
104103
236648
105814
83184
17710
126981
265848
129084
105478
177065
33361
263722
52375
191900
10364
265848
265848
4403
199034
143278
259885
180024
236118
48484
264579
34312
265848
268908
59909
193232
85
164484
40350
27803
15972
269123
126141
272342
202156
228657
265848
167926
219256
129084
17399
264579
21309
113274
121890
264579
25024
48394
122269
116935
254230
68608
122269
123734
246779
249311
137872
46869
81559
80348
265848
73531
193089
111882
117225
20848
259436
181647
265848
176723
193947
129084
232840
32092
122269
120560
87450
161348
123734
12085
126356
109036
18011
265848
55734
122269
265848
249201
236648
265848
193017
264579
129084
240573
178970
11366
204032
91352
83158
199870
201952
159432
265848
14108
122269
142211
210386
10364
83526
143278
265848
139321
267682
140025
265848
121826
83212
14114
84577
183685
2538
205765
102158
28007
170296
269123
140025
130597
59309
78144
235961
10364
143278
235991
209953
131770
143818
62828
236648
34312
231429
265848
161348
240461
258755
166400
2311
213325
216530
14108
83592
37176
268130
89928
265848
220453
253426
122269
174114
105250
9559
171709
155509
222879
183627
173383
265848
197268
265848
265848
196596
98281
122269
122269
140025
272444
110481
21309
206512
265848
264579
117459
224941
143491
265848
259436
265848
26248
193089
265848
234985
265848
216421
191781
232840
261468
173383
266139
209953
148128
265848
221459
265848
248696
158703
265848
128769
6517
146028
167926
220453
264579
91352
128769
267032
122269
143491
265848
91352
122269
34312
135274
122269
264579
181647
99637
59976
197268
172393
148128
236118
11169
11366
191266
157132
205854
275653
179832
21636
275653
170298
46897
275653
34312
44240
236648
3329
225566
143491
129084
249311
32092
225566
21309
271933
143491
213325
77151
219256
236648
206325
137381
122269
126141
144602
208199
64066
260059
107950
122269
202254
265848
81633
245116
60167
35056
122269
20848
122269
245116
208807
197230
20848
141784
60167
136626
168903
8712
251729
13270
131006
173383
83592
167926
231429
243453
119148
143278
265858
13270
177037
123724
181647
265848
147080
265848
143278
152363
33734
123734
34312
177969
168360
157132
127463
62460
81633
37328
265848
232556
12848
17096
122269
177534
257352
259436
265848
41133
14114
199519
122269
275376
249311
265848
273388
239204
39844
160225
107746
257690
25171
213013
174083
186736
251729
264579
45473
22464
216530
160760
128769
177516
9786
264579
127106
143278
211715
0
100226
78144
265848
261242
258268
143278
174100
143491
255492
121890
264579
34298
236648
122269
21309
265848
111835
265848
60167
140181
128769
240246
73531
191266
164230
177516
205228
112530
269886
265848
14114
208429
236778
150802
265848
188744
266552
34312
214198
204032
177413
210386
123431
277216
256728
236118
137017
191266
59039
23813
143491
143491
53750
20848
225125
143491
256018
157132
148823
265848
168903
106516
220453
236648
26046
192831
219256
73757
121158
161930
20848
122269
178469
183627
274369
129084
122269
141169
185664
34312
20848
167926
68641
209971
165903
252433
118232
263722
141339
265848
2294
90365
265848
68641
255409
241401
20350
166586
135083
275653
265848
22964
274652
246617
265848
18931
148128
204139
180024
68641
191781
143491
180777
264579
70556
268150
126141
251729
33737
231429
264579
117459
173383
258607
78455
20848
191266
20848
103420
103681
75101
274652
167926
265848
2868
210386
197268
106459
45285
114528
265007
193089
257690
50815
80348
210981
83158
193089
83158
259436
27803
52258
115347
196603
106459
52375
53246
252013
20848
123724
123724
265848
123734
20848
217411
265848
140025
234147
59909
242156
71806
143278
45728
143491
209953
245116
236648
110481
34629
122269
151224
122269
222127
134662
199872
226960
142098
265848
206612
148128
264579
143278
265848
90690
20848
265848
79452
159167
73582
129084
28615
251729
204777
128769
80348
155104
102263
70829
122269
143491
52375
24728
21309
183627
178469
264579
234985
34312
90717
245116
265848
93944
264400
264579
107789
166400
122269
168903
271324
110234
236648
157132
245116
30913
68208
265848
265671
243453
191266
59568
216095
265848
22756
220755
247333
236648
79063
62769
108664
12568
227874
263722
265848
59909
26248
91368
173383
243453
21309
172078
45654
15972
122269
9490
265848
78455
18531
173383
217411
150409
145424
206949
272901
251729
0
38088
183627
257690
143491
128769
122269
83158
83158
28007
268908
272444
122269
191266
73268
148480
15701
68756
122269
97829
80348
103681
203711
34312
265848
10364
89762
267407
27732
21309
170298
29498
265848
45128
218337
2311
124296
256728
195171
122269
70535
122269
20848
143491
79882
25008
35866
218337
10524
13270
52375
243453
124034
236140
189834
0
264579
10364
143278
171709
170296
128991
14108
213325
26248
122269
236118
70829
236648
122269
259436
28007
45013
120040
80348
184034
156246
242156
73938
138690
101739
122269
225566
236648
114551
264579
3329
31515
143491
107950
238880
122269
110885
161969
209664
181622
236648
172393
20848
196306
70829
127157
127157
258129
14108
68641
246617
27803
134662
267407
143491
243453
266301
59909
265848
129736
265848
147080
140181
36830
265848
265848
20848
272444
208199
199639
21486
224941
236648
252013
126264
241214
240461
78144
265848
27803
177637
137299
28007
122269
264579
256018
209971
122269
265848
208429
18531
80348
223388
265848
189781
212186
111786
187301
158703
111786
59909
98281
258607
269123
275653
146760
265848
81633
267407
86183
20848
215632
85
90994
135274
222127
61619
183627
2311
91352
27815
168903
90605
265848
122269
243453
72250
174825
73531
64566
115980
210386
49603
158703
18741
55007
115423
261336
242156
13270
140025
28615
229435
99758
218788
111786
14108
110885
83158
201065
204777
59039
42108
232627
1691
20848
259436
228482
131006
236648
107789
197268
80348
236118
122269
134662
216530
113488
128769
143491
235856
30913
124682
91401
255409
148823
128769
90365
19522
129084
125904
222277
234147
154324
177516
212194
261393
14108
137017
131006
122269
265848
110769
73938
85122
168903
238801
116632
84908
21309
265848
2311
143278
225566
217411
170296
196023
148128
154168
175083
256342
265848
265848
122269
68641
143278
18741
18569
7127
9263
107950
210386
262067
30329
49118
70556
68208
160757
128769
236648
265848
257352
167065
187802
250427
143491
30913
265848
15972
126356
253130
181647
35539
264579
46869
140181
265848
165474
20848
143491
229809
265848
259436
148195
266644
126141
199870
75107
140025
223140
126298
264579
265848
263722
129084
87179
272901
272444
267706
59309
107460
65353
261393
128769
105478
124034
238335
216530
6517
231429
91368
152049
10364
94076
218810
20848
20848
107950
272901
104103
220952
26248
2311
212194
272444
142098
216530
167926
243453
104103
23813
80590
245116
148128
265848
40953
91352
236648
118189
259436
253369
123431
265848
140025
236648
265848
27815
257986
27803
235487
260059
143491
230299
2311
167223
207665
173383
97829
83158
135274
243453
265848
143278
261488
277216
118232
73531
78455
208819
115990
199872
141105
121859
143491
107950
218788
35866
126298
181647
122269
216530
180024
231438
265848
29423
17096
135274
259747
122269
246532
167065
24595
52375
265848
122269
62298
105814
265848
27803
135665
110769
83158
219256
187317
64066
20848
265848
265848
143278
34445
264579
167926
265848
135274
8602
143491
91368
264579
210386
28007
249311
83158
252003
16574
27803
230620
83236
191266
171709
19485
266139
191266
236648
275653
55892
122269
152248
90077
13270
246779
220727
199872
41733
231722
59568
56646
238870
267682
264579
43955
265848
265848
83158
236648
83158
193089
272444
241497
170298
177413
160225
48363
96332
83158
253079
70111
15972
249311
193089
143491
231429
102019
5627
104103
116790
18531
162052
148480
264579
216530
79449
192540
134080
234147
80348
236648
265848
59568
246779
254445
147473
11366
18416
20848
25477
217291
166400
63906
69181
110002
179629
160641
49179
247151
168360
265848
221760
218337
113488
83158
236648
122269
11366
265848
167634
146580
137017
144555
212186
265848
160225
83158
265848
171709
149974
191266
192540
178469
30913
122269
178469
28007
168868
240461
137017
226960
236648
140025
20848
143278
101823
60167
236648
129736
173084
10364
223276
37328
38340
247151
170659
83158
20848
107950
210262
28007
265848
265848
63906
116935
70270
259436
27803
272444
160438
73531
224941
178469
16620
154419
146580
263722
2311
136452
265848
128769
265848
229435
206675
260064
14114
234709
83158
126298
219820
70270
228482
89197
254307
20848
122269
122269
269211
178469
168903
236648
178469
20848
236648
20848
137726
73531
266107
83158
197250
265848
73582
34312
68208
146666
228718
63040
234985
91352
52375
259436
45473
91881
122269
17560
143491
143491
107789
218288
83158
75214
259436
216604
211715
38500
116313
110769
20848
73531
179458
176723
265848
107789
219069
266644
129619
73268
20848
179446
264579
122269
272444
193089
17413
173383
10364
191266
229435
178617
34173
166549
122269
142934
128769
20848
128769
27803
31657
143491
27803
119287
20848
166794
143491
161969
91401
178469
170809
265848
64026
78144
16574
188744
199870
90991
168903
265848
212194
128769
265848
85444
116081
143491
272444
12568
258607
39996
78794
276261
272677
242156
156655
236648
25171
240471
134662
93944
137872
59568
122269
176723
116131
265848
168567
43082
182115
122269
134662
249311
113471
173383
53680
158243
198876
239351
59309
272444
238870
265848
259299
183114
174825
265848
254569
129084
199639
264579
241497
83158
25024
85122
22383
270099
128769
124355
265848
204777
258755
160225
110234
78794
111882
161969
93099
197250
80199
72659
9490
265848
265848
72225
140181
148128
240461
20848
74149
131006
59309
189834
265848
77817
120560
2311
193232
242156
236648
85122
125545
14108
84687
59309
68855
259436
190847
83158
122042
217411
176723
101297
20848
186315
106057
275653
143491
127977
87179
107950
177637
265848
184034
70829
226284
20848
159251
265848
236648
236648
122269
173383
60167
2375
148195
223414
194846
117459
69072
28615
20848
216937
137017
224941
123734
183627
143327
13270
180024
94385
10625
178469
131006
219256
20848
152837
34312
68208
192831
35866
119613
146666
39844
8602
32092
143491
34312
265848
245116
10364
14114
236648
236648
35613
20848
135932
167926
221062
122269
200905
129084
59909
169842
210386
211512
122269
14108
17096
10364
64933
265848
212301
18011
20848
107950
273351
128769
143491
61904
178469
20848
198135
265848
210386
272444
20848
28007
204139
129084
78750
28615
140025
264579
180024
176931
189154
236648
46869
236648
20848
265848
80348
252093
143491
265848
218288
225566
218288
265848
269123
59309
122269
143491
194846
128769
20848
233500
268130
130661
2311
150488
211032
10364
265848
143278
238015
131006
64066
21309
199639
243453
105814
117459
143278
265848
107950
122269
34312
139151
143491
264579
143491
264579
21309
242282
265848
210079
87179
11700
175970
201878
20848
173383
26248
265848
249445
265848
204777
154799
259675
209310
61892
20848
179458
59309
131511
232919
140025
34312
174114
265848
265848
91401
30913
88992
264579
174114
143491
230582
169842
188744
259436
26248
231438
122269
252013
143491
140181
20848
61904
265848
107789
248007
109373
238801
143278
30913
110769
191266
272444
182532
164063
265848
143278
212186
181647
245685
63711
73531
142934
231429
236648
20848
272444
121859
114826
173383
178469
64933
34312
34312
32222
235487
34312
256728
264579
83158
143491
143278
67210
258607
265848
264579
265848
127023
265848
258788
265848
191266
236118
265848
210386
124034
166197
28615
154915
82753
122269
117459
34312
129084
34457
2375
122269
8602
10625
229621
74149
99643
249445
68208
20848
209953
20848
33047
219256
213325
123734
213325
258607
259436
2311
73531
60167
170809
236648
216530
264579
136626
228139
184034
205854
59309
52375
225566
23817
272444
265848
140025
236118
220453
197268
245116
268130
196613
23813
137017
59909
49378
164568
55734
265848
20848
63040
4824
59689
224477
251729
258755
115202
68855
122269
123724
78455
264579
265848
129084
236648
265848
203250
170296
260315
37328
116173
272444
226960
20848
83158
238335
124605
148128
157132
233466
83158
33582
116131
192717
83158
137872
265848
236118
263722
265848
102019
143491
10364
168903
140025
264579
20848
11366
216604
265848
60167
264579
20848
60927
142934
262572
200527
78144
219256
236648
143278
275653
104103
175970
236118
122269
180024
265848
111786
116577
20848
161348
143278
81740
100156
85345
20848
274652
2311
275653
68641
20848
69194
173281
219256
56958
139107
199872
272901
60167
265848
209953
113411
34312
236118
16574
176032
73268
148850
243453
27803
20848
143491
236648
10364
68208
224941
63906
265848
143217
265848
20848
84043
178469
161969
250464
15299
27803
11169
265848
196023
271404
143491
248625
20848
266107
129084
10364
182497
83158
177384
43357
20848
236648
258607
265848
170296
241760
186315
158706
123734
160225
111786
52375
210386
169903
23813
270020
72225
140181
265848
191266
20848
191266
236118
172393
193089
220801
143278
10364
143491
265848
60167
43357
166794
110038
259747
265848
143491
17
265848
265848
170298
89197
27815
122269
140181
272749
245762
85519
236648
233500
265848
170298
178469
59909
83158
178469
274652
230092
265848
35613
167926
208154
35866
80152
19522
265848
265848
234147
265848
143491
37328
143491
122269
264579
20848
31193
143278
143278
264579
204260
17096
123734
59568
9847
159167
173383
95345
123724
264579
39630
51129
236648
158133
18741
146028
204032
11700
265848
9263
266644
265848
174114
93527
34312
155320
2906
223388
253923
148128
25036
24595
117225
104103
122269
64066
35613
55007
94943
23817
231438
25024
265848
33856
2868
261252
265848
263549
147080
227551
255676
89197
142098
20848
8602
152837
225566
122269
162083
104103
218288
112789
107797
217411
265848
123734
269660
34312
34312
143491
158133
265848
252484
265848
264579
205854
25036
197250
143491
274618
260764
243453
81633
134662
10007
249311
107789
235961
128769
123734
80548
117459
143278
272444
150036
275653
83158
265848
59909
210105
33400
34312
123073
11733
19522
26248
211715
177118
34312
28007
30329
152837
204777
275653
157132
129736
39070
197268
188744
271149
96690
258607
249242
129084
265848
115729
231336
164147
256728
137726
178617
145624
122269
75107
253702
59909
167926
235487
128769
265848
272901
142934
20848
51129
60167
246617
211715
91368
13447
202916
246779
272444
119287
265848
28615
68636
115347
28007
143491
34156
221459
116564
272901
137474
68641
259436
35866
225382
261393
263722
68641
4114
265848
9263
131006
110234
35573
232627
265848
243453
68636
214031
84043
256728
12848
256728
97987
20848
18531
148128
139960
177037
204247
256728
241155
209162
236648
181607
90365
180510
249242
34312
89197
68208
18646
236648
46869
81332
82348
95997
265848
34312
117092
20387
59568
208306
177516
194846
20848
49179
26248
87045
265848
20848
236389
80348
91352
25036
122269
158703
252003
265848
130032
225339
219256
246110
207665
166794
38088
265848
20848
128769
166696
261488
73209
265848
167926
73531
122269
37328
25112
113488
236118
218337
267232
143491
122269
9490
131076
264579
155104
236118
143278
265729
204777
56552
20848
265848
184497
240461
224068
137017
14108
236648
109118
238870
191266
185057
109136
211715
258607
6946
129084
173383
236648
143278
258607
20583
231429
157132
20848
191900
47952
107789
213325
16574
111786
240522
64433
173383
80348
143278
188790
74272
30913
122269
52375
253923
174598
111786
191266
127977
155494
110481
160225
128769
168403
121859
143278
148128
196023
265848
152837
18531
140025
136761
19522
16046
238870
240461
137726
196306
129084
259299
267576
158703
58811
268130
116792
264579
25036
265848
224941
215793
201752
80590
249311
73531
102183
209953
129084
232627
122269
57725
172393
94208
253702
140181
140025
210658
220815
264579
264579
68641
265848
247731
20848
266301
106516
191266
20848
28007
78120
231336
265848
175083
44227
83158
129084
60167
209769
222127
178970
123734
265848
63906
179629
100876
83236
211032
249311
34924
122269
74092
140025
128769
265848
152837
70556
94208
264579
166400
68636
269886
128769
182497
178623
2906
265848
34312
264579
205854
8827
140025
264579
10995
80348
122269
207783
55861
176723
265848
277180
122269
63906
83592
236648
265848
674
236648
196023
64560
272444
140025
238870
256728
65461
34312
265848
272525
272525
216530
224941
70270
178469
122269
151224
103420
143491
199519
20848
10364
135531
59309
110769
160757
17413
159167
97674
236648
265848
211929
128769
265848
268007
18011
20848
31657
95567
20848
243453
265848
23298
211032
122269
68667
241497
143491
34312
122269
59909
143278
272444
203250
170298
20848
135932
236118
234709
265848
29423
177967
264579
105814
91368
129992
28007
143491
137726
2311
68641
265848
83592
273709
137866
205854
236648
20848
34312
183171
207665
251729
249311
265848
10007
155494
268130
11700
27803
20848
264579
122269
236648
110769
143491
265671
265848
234985
174825
258755
191266
224941
115990
259675
179593
178469
136452
135274
68641
180510
60167
208636
199870
229226
0
140394
53680
276128
60086
237652
132349
20848
210386
249311
176931
122269
224941
160225
68641
233727
176931
143278
126356
203404
11366
70270
18531
2375
236648
95341
261393
122269
236648
182115
181622
249311
122269
143491
160225
27803
35866
217988
264579
0
205854
210371
83158
273090
265848
100762
264579
68641
184034
265848
265848
178469
124296
20848
193089
154419
11169
122269
27803
140181
265848
122523
143491
5318
114551
123724
204260
143491
20848
250828
34312
258755
2137
20848
100035
173383
143491
10364
178469
255307
223379
238880
167065
275653
142448
110769
245685
120560
96690
164147
264579
27803
64378
259436
182532
219256
213747
230582
35613
266264
265848
231828
266813
23813
213747
184034
228657
59039
159251
128769
265848
52793
159167
52375
17710
204777
20583
191266
219256
160757
238583
5627
113551
64853
95345
7257
189776
116313
155509
147080
140025
23813
265848
176931
107387
137017
264579
34312
20848
63906
20348
80782
34719
265848
250427
111882
52405
269886
177516
235487
122269
256728
18011
20848
214009
265848
178469
122269
83158
161969
274618
20848
265848
209953
37328
25024
265848
143491
210386
128769
85
259436
17565
167996
14114
119319
91352
8602
60167
176002
212186
20848
168903
45233
197268
207665
83592
264579
267706
129084
83592
7257
118189
143491
108114
27415
11366
35056
48722
191266
264579
20848
21309
234985
174100
20848
10364
197230
193102
221315
73582
248007
260064
168903
34312
194907
68641
254307
249445
178469
167926
2868
20848
264579
80348
143278
264579
53680
122269
189834
99643
21309
236648
41479
212680
272901
170298
243453
137114
265848
264579
40223
104103
263426
178469
265848
73531
20848
232777
122269
17399
143491
210386
68641
146580
142424
199034
80199
236648
264579
83158
258607
163932
183627
198963
20848
265848
245355
87179
265848
2983
258607
2311
128769
129084
265848
240461
144961
191266
219256
143278
236118
211715
118700
228904
124605
85872
265848
140025
59309
229226
122269
201988
216530
169529
208534
62460
236118
14108
10364
218337
249311
33047
219256
53680
137114
20848
265848
78937
143639
52375
9490
162083
146580
143491
216530
83158
60167
129084
73938
143491
72452
226913
210386
143491
243453
127977
90365
68641
220815
242156
123724
156490
179629
140025
107950
254253
265848
137017
20848
199957
26248
173383
83592
265848
79063
78348
171709
216530
83158
232627
20848
171816
175970
209953
123734
65461
253130
20848
265848
121118
41479
177969
236118
13270
265848
28615
127977
42108
143491
143278
20848
178469
153589
117092
76995
34457
253369
240029
21309
85369
219256
193089
265848
268262
249311
143278
178036
143491
143278
246779
258607
10411
265848
126298
70829
78144
10007
199870
265435
106612
220453
102019
265848
128769
18531
264579
18741
187647
265848
14108
161969
83592
68208
109373
143278
65461
144555
217411
275653
10364
265848
264579
54487
265848
121859
252003
242032
8602
18531
73531
265848
234709
70556
23813
236648
265848
265848
17096
143278
234985
52375
196306
182510
140025
240461
122042
143491
173383
83158
216604
143278
82293
242911
250755
180510
35613
11366
15972
199163
124605
89762
115411
121118
137726
28007
121118
137726
191266
249311
174114
223604
249445
177516
197250
20848
20848
143491
212194
265848
20848
20848
60167
182510
54783
156490
37328
265848
259436
56782
10364
151661
199872
250828
56533
142098
232627
83592
178469
26248
181647
183627
54205
265848
124605
265848
252013
143491
181647
178469
177516
53680
102019
34312
243034
265848
20848
172070
265848
129084
265848
104103
27803
26248
180510
265848
264579
176097
152248
167926
51851
68855
8602
176931
154419
158703
156607
123431
191266
211668
52258
151686
109796
72607
99892
143491
20848
64066
268908
265848
140025
68641
172739
65351
265848
78455
246779
198602
257986
117225
189013
73531
209953
34312
267032
111786
25024
126141
218922
83158
100876
113488
96295
249311
217411
122269
135665
265848
101297
110769
17096
135820
265848
269123
177516
91368
1709
264579
216530
122269
265848
114991
73531
265848
158706
137872
265848
259675
247502
255309
144047
54783
265166
175950
209971
73268
23813
206731
267407
240061
91352
236118
119862
175970
59909
161651
272901
245116
122269
46869
264579
123431
98852
254024
265848
107950
265848
265848
265848
265848
234985
83158
0
122269
272444
122269
8602
219256
68636
231171
23817
10364
31585
258755
211715
34312
236118
246231
236648
12306
222131
20848
35613
85
122269
122269
265848
201318
236648
246101
264579
143278
20848
20848
43357
34312
243453
265848
249446
78455
247461
129160
78120
139960
12568
265848
57716
265848
83158
264579
178469
47656
180510
20848
210386
143278
59689
89928
210262
184034
43989
265848
10524
12306
148128
31515
140025
143491
137017
166794
56894
79063
122269
107789
159167
265848
23813
143491
258607
171709
122523
20848
177516
236118
68208
265848
173084
224941
183449
12515
265848
10995
145691
63906
20848
122269
127463
275653
20848
64430
107789
99419
143491
105814
241760
13634
265848
264579
11169
158706
140025
236648
111786
65813
255558
188790
14311
122269
178469
143491
204777
107789
264579
216530
218288
249311
68208
78195
98028
135274
80348
184497
20848
106459
236118
104103
0
37328
34312
57319
53680
181647
265848
80980
135274
236648
204777
201065
266644
261393
101297
265848
140025
272444
140025
265848
161806
111970
236648
265848
271404
20848
225566
265848
123724
193089
275653
148128
170298
157132
265848
54783
161651
141105
123724
90266
38426
245116
75659
107950
122269
265848
128769
28007
265848
259436
265848
265848
267032
20848
183171
216530
229435
274652
265848
83158
243453
34173
674
237386
255492
83158
20114
143278
24595
173084
248146
129084
198602
210262
83158
68641
129084
265848
7257
140025
52375
80348
142098
23813
224545
204777
191266
80689
148128
143565
198602
178469
107950
275653
35866
219256
20848
51129
123724
119613
203711
209953
265848
7257
80847
170298
68641
94765
216421
217411
236894
254230
265848
137627
265848
275833
49603
52116
230433
20848
216604
172850
104103
272901
146580
192695
238015
168786
60167
236648
265848
259372
201752
208199
169903
177516
143278
60167
104103
265848
219256
236648
136452
78144
42108
89322
18011
171709
265848
243453
97725
104103
35866
171527
10364
59909
169903
139960
64026
236648
58719
20848
29423
23813
34028
122269
265848
236648
20848
123916
28007
140025
199870
73531
264579
20848
236648
129701
24645
135665
22627
122269
15972
180755
143491
209754
16574
261488
64681
10364
167926
131557
126141
177939
73268
83158
259436
111786
207842
212186
50521
216530
159167
183598
62460
137317
236118
272444
199639
275042
64347
4729
236648
174825
169842
159167
122269
122269
73531
68641
260059
243034
83158
15656
74991
122269
128769
186099
174387
143491
241430
164813
20848
2311
173383
201307
64433
21309
60086
19167
83158
34312
217411
265848
110769
265848
265848
127106
91352
268908
35613
131668
265848
122269
234985
265848
123431
218337
75101
265848
143491
240461
268150
265848
177389
20848
219256
235487
171709
104103
146760
205854
264579
177637
264579
85
244568
236648
172850
33400
233080
154419
224545
50414
242911
129084
173383
21309
173383
254307
107950
96690
197230
140025
91352
180024
266107
245116
73531
236648
2311
124682
140025
144264
265848
143491
265848
264579
141339
20848
265848
264579
122269
68641
91401
1525
68608
123734
83158
68641
214677
140025
107950
275653
219256
11169
171709
148128
122269
265848
177118
265848
151686
111786
49694
195171
265848
265848
83158
68641
197250
12529
15972
34173
217411
135041
20848
6946
26248
143491
20848
264579
264579
160757
122269
213325
26248
123734
265848
209953
240029
140025
107789
183627
220453
243034
209458
209953
54783
10364
258607
249311
68641
240461
265848
265848
104103
141030
116249
265848
12343
122269
264579
265848
20848
30913
107789
122269
16936
56272
265848
90266
170298
143491
179629
236648
2311
233466
261343
249311
83592
143491
139161
184508
193089
105058
254445
217411
59689
27732
265848
56552
265848
236648
264579
73531
33734
265848
265848
130661
210672
80689
196306
60167
199034
170839
193843
265848
143278
168903
28615
265848
166400
170702
64853
210079
27803
243453
235423
122269
39976
124605
122269
143491
129736
122269
143491
27803
35613
73582
134185
81633
264579
265848
209953
265848
166400
122269
217758
236118
111786
79063
145424
258755
212186
236648
46869
122269
143491
217411
193089
30913
243453
97829
152119
122269
39976
27100
107789
68208
231429
102019
181647
98504
110769
113488
265848
178036
27803
143491
18770
124034
20848
265848
208636
20848
143327
10364
252003
92617
122269
236648
88629
259885
243453
5346
73531
249311
254780
9490
274652
265848
226913
275653
264579
143491
257352
135274
184034
11087
265671
99863
140701
122269
265848
107789
2311
43357
130426
152837
266301
104103
268130
181647
144264
264579
168895
117225
127157
64378
243453
247743
59309
21309
222879
245778
110990
258607
122269
140181
148128
91368
226913
137114
265848
28007
36398
172070
259747
228718
60167
68208
265848
235487
52405
274212
27732
158302
196596
91352
10364
265848
236648
34173
167926
177516
193089
90266
20848
122269
59909
266301
209953
80456
191642
143491
245116
58910
264579
188003
128769
204777
34312
132918
245762
230092
64853
122269
34312
265848
80548
265848
197230
256728
16574
90365
129084
59909
235856
236118
210386
122269
0
102245
122269
259747
242833
265848
20848
122269
187317
265848
139960
258755
158703
248166
68208
265848
236648
52375
52375
122269
211668
9665
13270
175970
256728
265848
268978
201752
264579
101738
264579
41041
27803
83158
199115
236118
272444
217516
123734
143278
219256
140181
234985
265671
37328
173383
196023
104103
123431
181647
235962
224941
2311
122269
265848
52375
141333
265848
265848
34173
259299
272444
20848
129736
20848
20848
115990
189834
265848
56217
20848
122269
272444
204032
85
265848
155320
73329
146028
161024
265848
184573
167926
189013
178623
124912
13270
184034
122269
263722
122269
234985
175970
129084
68208
77151
236293
265848
2311
122269
30913
143278
73531
17096
210386
48650
35613
122269
52375
265848
19522
215460
197232
256728
73531
11700
231429
146275
269886
129084
143278
21309
124954
250828
210386
10364
111970
191266
68208
20848
211929
224941
28615
68636
143491
91352
258755
137017
21309
10364
168903
25024
89928
60167
265848
91352
198135
27803
141784
122269
9168
225566
266107
78144
219820
252003
180402
107950
92756
26222
206492
249303
255492
131668
168903
60167
212194
236648
122269
166794
178469
242156
160412
28007
176723
93527
265848
110620
122269
224941
92938
264579
202156
35613
146666
236648
22198
265848
9312
236648
10364
168786
219256
141105
148128
265848
111882
72452
240926
141105
258129
265848
239377
192540
162083
84373
42108
30913
118189
122269
122269
166400
233354
256728
181647
52375
122269
248007
8602
169698
213325
143491
31657
131006
143278
204777
253500
118189
160225
218534
60139
118189
250828
89197
122269
59909
20848
129084
166794
51671
20848
264579
130597
152837
187106
107789
265848
261343
265848
15972
143278
95269
137114
35613
68641
139960
249086
102019
264579
258755
163522
159432
83184
137812
12848
265848
143312
264579
12848
20848
44066
181647
172393
200107
211715
134662
10364
93120
94714
207244
265848
269123
180433
148128
260059
148128
265848
167065
15972
39070
245116
33737
39976
75107
122269
117459
236118
24645
129084
137866
199870
110769
108316
21309
122269
13270
107746
272901
113471
265848
123734
0
140025
149974
275653
99643
162052
137017
200905
190847
20848
162083
230938
201752
122269
236118
118189
197268
5318
88819
265848
34173
20848
256728
272901
154419
100876
143491
143278
181647
123073
209971
264579
265848
14108
218788
157132
20848
0
129084
52375
264579
208385
83592
15972
116564
249311
168903
160225
124605
236648
265848
18955
78455
75107
249311
10364
243034
110990
73969
265848
239663
223140
102019
8673
265848
253702
198876
34312
183171
83592
15972
124605
193089
261393
20848
143491
128769
247333
137726
35613
265848
264579
236648
146881
143491
159432
194127
142991
205854
80847
220453
159414
272444
100825
168903
80108
199639
147287
68208
204777
152837
264579
183615
211368
265848
264579
218337
226960
137017
34312
180024
224941
27803
265848
26248
161388
260064
265848
256728
167926
80548
260262
161969
265848
192949
89197
216095
20848
177413
248593
183615
218337
10364
131006
122269
218810
219256
55116
265848
265848
122269
59909
21309
131648
236118
111786
92938
185057
265848
216530
209664
143491
59568
83158
201758
128769
265848
122269
104103
265848
229621
59309
197268
122269
268262
273090
165474
151224
265649
163871
73755
265848
17565
226960
10364
43357
199034
37328
20848
83158
104103
110215
143491
265848
224941
156490
56272
25171
51129
119287
265848
89197
177969
235505
245448
216421
68208
265848
177570
106516
268705
142991
10364
174566
258607
20848
76525
143370
272901
83158
129084
166794
265848
264579
273090
23305
190847
205854
122269
255137
127463
196657
204777
128769
85369
60167
265848
216530
16574
177413
265848
68641
191266
243453
141021
78144
265848
90857
20848
137017
265848
206675
148128
83158
26248
24595
236648
264579
137726
219256
122269
234985
256728
170043
220453
68636
93022
260064
128769
204777
27803
64232
264579
41479
236118
56646
212301
209458
27116
10364
144882
249242
210386
20848
167926
9263
264579
135932
10364
101297
265848
122269
68641
96332
242282
273178
236118
177516
264579
216335
236648
21309
168903
96332
134662
198135
177969
110038
265848
177516
220453
73531
251729
111882
258607
46457
213325
147715
123724
39976
265848
158703
265848
265848
68641
34312
111721
219256
239202
179604
34312
79170
122269
256728
169842
197230
87179
187713
20848
20848
204777
193089
121118
107950
122269
265848
35613
45654
68641
198602
235961
30329
68208
216095
268130
254307
274652
265848
265848
114336
264579
83158
29498
129084
111786
265848
255558
221903
199872
249445
83158
143491
147487
27803
68208
180510
0
189920
73531
253369
25112
10364
20848
265848
83158
207244
193087
262240
20848
8602
143278
243453
256018
193089
139960
107789
81633
74092
268130
83158
75107
126356
18531
194907
107950
27803
265848
158373
252950
226797
168903
231429
217411
20848
143327
140181
8602
122269
20848
249311
126141
178469
258607
121118
68641
275653
176931
264579
60167
172739
9490
213325
83158
83158
159432
28007
59309
265848
265848
143491
19522
68208
258607
60167
248679
167065
28007
80152
234985
122269
192788
184312
1174
20848
20848
143491
265848
158373
80312
236648
208429
122269
27803
143491
79882
249311
265848
169903
230582
18569
20848
35554
130404
212186
211929
92938
122269
210386
150409
96332
207665
104103
2311
234709
25939
68641
124605
143278
220224
140394
45654
143278
128769
20848
217411
54487
128769
105029
96295
111786
35554
131006
32227
247122
9873
236648
246779
223379
59568
268130
153414
73531
245355
143278
260315
122269
81633
207665
63315
183627
59976
77151
157132
27803
122269
74432
220453
202492
272444
61619
265848
157132
18531
110769
143491
18741
83592
122269
268130
220815
221289
236648
167065
122269
64560
75107
265848
77269
18531
10364
212036
173383
265848
219256
113411
161954
127977
43809
89197
83158
33047
34312
131006
201952
73225
161969
274283
110885
107789
143491
54944
218288
265848
275653
104103
83592
204032
265848
13270
83158
184034
236648
109036
80348
34312
102019
265848
265848
30913
122269
